path,policy,success,initial permissiveness,permissiveness bound,permissiveness,iters,enum_point_permissiveness,enum_iters,time,abc time,abc calls,z3 time,z3 calls
../samples/repair/s3_iam_user_cannot_create_folder_through_console,policy.json,True,73.72474131778816,40.0,1.423367530665539,3,1.423367530665539,0,22.765517473220825,9.663377942000002,20,1.615548849105835,72
../samples/repair/ec2_terminate_instance_ip,policy.json,True,100.00070582039264,40.0,0.41524101186092033,1,0.41524101186092033,0,3.2702109813690186,1.161355465,6,0.12510991096496582,10
../samples/repair/s3_policy_or_condition,policy.json,True,83.12570582039265,40.0,0.375,2,79.12570582039265,1,16.925081491470337,11.042041458,15,0.38860058784484863,30
../samples/repair/s3_policy_failing_not_sure_why,policy.json,True,100.97581830788269,40.0,1.4232328000801826,3,1.4232328000801826,0,10.398614883422852,2.2621074240000003,17,1.5948147773742676,69
../samples/repair/ec2_allow_ebs_volume_owners,policy.json,?,?,?,?,?,?,?,?,?
../samples/repair/ec2_launch_instance_specific_subnet,policy.json,True,100.86704798758801,40.0,1.076838730514401,8,1.076838730514401,0,23.439225435256958,11.586909069999997,57,2.1000213623046875,64
../samples/repair/s3_remove_permissions_individual_files_2,policy2.json,True,71.12570582039265,40.0,1.1284882495712356,1,1.1284882495712356,0,3.8866939544677734,1.831009364,6,0.11242055892944336,8
../samples/repair/s3_restrict_access_to_certain_roles,policy.json,True,79.97581830788269,40.0,1.3903534993509585,3,70.97581830788268,1,5.236103057861328,0.711543649,14,0.8387408256530762,60
../samples/repair/iam_role_policy_modify_iam_but_not_own_policies,policy.json,True,100.39694644557294,40.0,0.5943609377704336,1,0.5943609377704336,0,3.689451217651367,0.982269667,10,0.188493013381958,15
../samples/repair/ec2_actions_region_aws-portal,policy.json,True,101.20596228200864,40.0,1.6213755747591787,14,69.97581830788268,1,128.9239945411682,43.71063701300002,69,2.9065937995910645,108
../samples/repair/ec2_limit_ebs_volume_size,fixed.json,True,100.75625508531245,40.0,1.0027959766285568,11,1.0027959766285568,0,75.41884446144104,35.236718486000015,70,6.863415479660034,220
../samples/repair/ec2_limit_ebs_volume_size,initial.json,True,100.75625508531245,40.0,1.0027959766285568,11,1.0027959766285568,0,75.54224610328674,37.21644578800002,69,6.999152660369873,220
../samples/repair/iam_specify_all_users_in_account_bucket_policy_2,policy2.json,True,65.97581830788268,40.0,1.9792903626822194,1,1.9792903626822194,0,2.8455114364624023,1.615507898,5,0.0,0
../samples/repair/ec2_prevent_running_classic,policy.json,True,67.46326078516029,40.0,0.8777959766285568,9,0.8777959766285568,0,44.380980491638184,27.793444554,51,2.9431095123291016,90
../samples/repair/iam_user_access_to_s3_uploads_fail,fixed.json,True,100.39694644557294,40.0,0.8541112517705928,5,64.41594683225357,1,18.615687608718872,5.273211418000001,44,1.8871889114379883,90
../samples/repair/iam_user_access_to_s3_uploads_fail,initial.json,True,87.00070582039265,40.0,0.817394851388504,4,64.41594683225357,1,12.64925217628479,2.9510648989999995,34,1.2588224411010742,72
../samples/repair/s3_object_query_permissions_2,fix.json,True,0.25,40.0,0.25,0,0.25,0,0.17064261436462402,0.09624840000000001,1,0.0,0
../samples/repair/s3_policy_for_lambda_function,policy1.json,True,71.97581830788269,40.0,0.9751124874900381,3,0.9751124874900381,0,11.25348448753357,3.6984023530000005,17,1.3135201930999756,63
../samples/repair/s3_policy_for_lambda_function,policy2.json,True,71.32382613298279,40.0,0.7442745387983595,1,0.7442745387983595,0,2.692316770553589,0.635247588,8,0.279233455657959,21
../samples/repair/iam_policy_allow_adding_deleting_users_1,initial.json,True,100.1988261329828,40.0,0.7193609377704336,3,65.32382613298279,2,29.75356364250183,16.213335674,33,1.9729433059692383,90
../samples/repair/s3_bucket_policy_grant_read_specific_file_type,policy.json,True,73.12570582039264,40.0,0.5402410118609203,2,47.12570582039264,1,4.4555275440216064,3.4336485530000007,12,0.0,0
../samples/repair/s3_bucket_folder_restrict_by_user,policy.json,True,63.97581830788268,40.0,36.97581830788268,2,36.97581830788268,0,37.65011763572693,19.972512782,22,1.3239686489105225,40
../samples/repair/s3_policy_provides_programmatic_access_3,policy3.json,True,87.12570582039265,40.0,1.4079820024495104,9,60.97581830788268,1,38.98378086090088,23.456910127999993,61,1.3236150741577148,60
../samples/repair/ec2_validate_attach_volume,policy.json,True,79.12570857209407,40.0,0.5402410118609203,4,0.5402410118609203,0,14.060283660888672,6.217722896,20,1.1971478462219238,40
../samples/repair/s3_policy_public_and_principal_specific_permissions,policy.json,True,77.12570582039264,40.0,0.9751124874900381,1,0.9751124874900381,0,2.1402950286865234,0.639151832,6,0.222259521484375,13
../samples/repair/s3_sos_bucket_policy_problem,policy.json,True,80.08387281004079,40.0,1.4984080015090675,2,54.08387281004079,1,54.5821270942688,39.531857605999996,15,0.9055383205413818,60
../samples/repair/s3_allow_all_except_delete,fixed.json,True,100.29094683225357,40.0,1.4226928688980731,4,1.4226928688980731,0,12.808099746704102,1.7495626460000002,27,1.739534616470337,64
../samples/repair/s3_allow_all_except_delete,initial.json,True,78.97581830788269,40.0,1.4226928688980731,3,1.4226928688980731,0,9.003349542617798,1.274256197,17,1.0611152648925781,48
../samples/repair/s3_policy_provides_programmatic_access_2,policy2.json,True,87.00070582039265,40.0,1.4077618556712725,7,62.97581830788268,1,26.225326776504517,14.953450600999998,42,1.2508540153503418,56
../samples/repair/s3_remove_permissions_individual_files_1,policy1.json,True,-1,40.0,-1,0,-1,0,0.15262389183044434,0.08102920000000001,1,0.0,0
../samples/repair/ec2_restrict_to_specific_instance,policy.json,True,100.86406714484372,40.0,1.8675564065398873,1,1.8675564065398873,0,3.946359634399414,1.634270401,6,0.10713434219360352,8
../samples/repair/s3_policy_provides_programmatic_access_1,policy1.json,True,0.9775223703018986,40.0,0.9775223703018986,0,0.9775223703018986,0,0.14397311210632324,0.06316490000000001,1,0.0,0
../samples/repair/iam_simplest_policy,policy.json,True,101.08387281004079,40.0,1.4984080015090675,1,1.4984080015090675,0,0.8570246696472168,0.400624254,5,0.0,0
../samples/repair/s3_public_access,policy.json,True,68.12570582039265,40.0,1.1284882495712356,1,1.1284882495712356,0,2.2620856761932373,1.383686592,5,0.0,0
../samples/repair/s3_object_query_permissions_1,policy1.json,True,87.00070582039265,40.0,1.4077618556712725,8,56.97581830788268,1,34.56617474555969,21.59568949100001,52,1.0298972129821777,48
../samples/repair/iam_specify_all_users_in_account_bucket_policy_1,policy1.json,True,0.125,40.0,0.125,0,0.125,0,0.1269838809967041,0.06668032,1,0.0,0
../samples/repair/ec2_require_mfa_session_token,policy.json,True,101.19835589313327,40.0,1.5938906979209087,1,1.5938906979209087,0,1.9850428104400635,0.452894062,6,0.12572121620178223,10
../samples/repair/iam_policy_allow_adding_deleting_users,fixed.json,True,70.96753456203378,40.0,0.5943609377704336,1,70.96753456203378,1,1.1000120639801025,0.5485703700000001,10,0.0,0
../samples/repair/iam_policy_allow_adding_deleting_users,initial.json,True,100.1988261329828,40.0,0.5943609377704336,2,78.19882613298279,1,9.305360794067383,3.5479904830000004,18,0.646693229675293,54
../samples/repair/ec2_allow_some_instances,fixed.json,True,100.59506675816309,40.0,1.6072476243909464,2,1.6072476243909464,0,9.105637550354004,1.6678333109999997,26,0.4345259666442871,18
../samples/repair/ec2_allow_some_instances,initial.json,True,87.65629419609681,40.0,1.6072476243909464,1,1.6072476243909464,0,2.9561381340026855,1.19348855,21,0.0,0
../samples/repair/iam_policy_allow_adding_deleting_users_2,fixed.json,True,70.96753456203378,40.0,0.7193609377704336,3,0.7193609377704336,0,7.835604429244995,2.187369353,18,1.139603614807129,36
../samples/repair/ec2_enforce_project_tagging,policy.json,True,101.01163867554895,40.0,1.2108125658979023,3,1.2108125658979023,0,18.3681161403656,10.138898434000001,21,0.6606700420379639,24
-----
repair outcomes:
    success:    42
    failure:    0
    error:      1
    total:      43 
    ---
    w/o enum:   29
    enumerated: 13
    % w/o enum: 0.6904761904761905
    % enum    : 0.30952380952380953

iterations:
    sum: 156
    avg: 3.7142857142857144
total time (s):
    sum: 784.477468252182
    avg: 18.678034958385286
abc time (s):
    sum: 369.8721410719999
    avg: 8.806479549333332
abc calls:
    sum: 959
    avg: 22.833333333333332
z3 time (s):
    sum: 46.5560085773468
    avg: 1.1084763946987333
z3 calls:
    sum: 1881
    avg: 44.785714285714285

