path,policy,success,initial permissiveness,permissiveness bound,permissiveness,iters,enum_point_permissiveness,enum_iters,time,abc time,abc calls,z3 time,z3 calls
../samples/repair/s3_iam_user_cannot_create_folder_through_console,policy.json,True,73.72474131778816,90.0,73.72474131778816,0,73.72474131778816,0,0.6542415618896484,0.559329,1,0.0,0
../samples/repair/ec2_terminate_instance_ip,policy.json,True,100.00070582039264,90.0,0.41524101186092033,1,0.41524101186092033,0,3.2615036964416504,1.1547300939999998,6,0.12998342514038086,10
../samples/repair/s3_policy_or_condition,policy.json,True,83.12570582039265,90.0,83.12570582039265,0,83.12570582039265,0,1.5533528327941895,1.4793800000000001,1,0.0,0
../samples/repair/s3_policy_failing_not_sure_why,policy.json,True,100.97581830788269,90.0,54.97652137653192,1,54.97652137653192,0,3.0870869159698486,0.632369383,6,0.30787158012390137,23
../samples/repair/ec2_allow_ebs_volume_owners,policy.json,True,80.69031750311083,90.0,80.69031750311083,0,80.69031750311083,0,0.5006184577941895,0.40200669999999994,1,0.0,0
../samples/repair/ec2_launch_instance_specific_subnet,policy.json,True,100.86704798758801,90.0,80.90287509127053,1,80.90287509127053,0,4.0205464363098145,0.875225136,7,0.1806485652923584,8
../samples/repair/s3_remove_permissions_individual_files_2,policy2.json,True,71.12570582039265,90.0,71.12570582039265,0,71.12570582039265,0,0.5323061943054199,0.4588077,1,0.0,0
../samples/repair/s3_restrict_access_to_certain_roles,policy.json,True,79.97581830788269,90.0,79.97581830788269,0,79.97581830788269,0,0.09186148643493652,0.03715633,1,0.0,0
../samples/repair/iam_role_policy_modify_iam_but_not_own_policies,policy.json,True,100.39694644557294,90.0,0.5943609377704336,1,0.5943609377704336,0,3.7170207500457764,0.9808297370000001,10,0.18704009056091309,15
../samples/repair/ec2_actions_region_aws-portal,policy.json,True,101.20596228200864,90.0,73.97581830788268,3,73.97581830788268,0,52.81721520423889,13.725173689000005,24,1.7132983207702637,54
../samples/repair/ec2_limit_ebs_volume_size,fixed.json,True,100.75625508531245,90.0,81.30062463994106,1,81.30062463994106,0,7.969884395599365,3.391123471,12,0.7395918369293213,20
../samples/repair/ec2_limit_ebs_volume_size,initial.json,True,100.75625508531245,90.0,81.30062463994106,1,81.30062463994106,0,7.33536171913147,3.137249449,11,0.7373967170715332,20
../samples/repair/iam_specify_all_users_in_account_bucket_policy_2,policy2.json,True,65.97581830788268,90.0,65.97581830788268,0,65.97581830788268,0,0.21619725227355957,0.1576841,1,0.0,0
../samples/repair/ec2_prevent_running_classic,policy.json,True,67.46326078516029,90.0,67.46326078516029,0,67.46326078516029,0,0.6037867069244385,0.5296379999999999,1,0.0,0
../samples/repair/iam_user_access_to_s3_uploads_fail,fixed.json,True,100.39694644557294,90.0,73.61406714484372,1,73.61406714484372,0,4.641828536987305,0.7156481809999999,11,0.635603666305542,18
../samples/repair/iam_user_access_to_s3_uploads_fail,initial.json,True,87.00070582039265,90.0,87.00070582039265,0,87.00070582039265,0,0.22986769676208496,0.07482570000000001,1,0.0,0
../samples/repair/s3_object_query_permissions_2,fix.json,True,0.25,90.0,0.25,0,0.25,0,0.16988039016723633,0.0963238,1,0.0,0
../samples/repair/s3_policy_for_lambda_function,policy1.json,True,71.97581830788269,90.0,71.97581830788269,0,71.97581830788269,0,0.27730584144592285,0.206342,1,0.0,0
../samples/repair/s3_policy_for_lambda_function,policy2.json,True,71.32382613298279,90.0,71.32382613298279,0,71.32382613298279,0,0.16461634635925293,0.0649068,1,0.0,0
../samples/repair/iam_policy_allow_adding_deleting_users_1,initial.json,True,100.1988261329828,90.0,65.32382613298279,1,65.32382613298279,0,3.0953774452209473,0.77251674,7,0.21742844581604004,18
../samples/repair/s3_bucket_policy_grant_read_specific_file_type,policy.json,True,73.12570582039264,90.0,73.12570582039264,0,73.12570582039264,0,0.17717838287353516,0.11630800000000001,1,0.0,0
../samples/repair/s3_bucket_folder_restrict_by_user,policy.json,True,63.97581830788268,90.0,63.97581830788268,0,63.97581830788268,0,3.332958698272705,3.1918699999999998,1,0.0,0
../samples/repair/s3_policy_provides_programmatic_access_3,policy3.json,True,87.12570582039265,90.0,87.12570582039265,0,87.12570582039265,0,1.1986565589904785,1.072834,1,0.0,0
../samples/repair/ec2_validate_attach_volume,policy.json,True,79.12570857209407,90.0,79.12570857209407,0,79.12570857209407,0,0.14398789405822754,0.0832821,1,0.0,0
../samples/repair/s3_policy_public_and_principal_specific_permissions,policy.json,True,77.12570582039264,90.0,77.12570582039264,0,77.12570582039264,0,0.1691281795501709,0.1016117,1,0.0,0
../samples/repair/s3_sos_bucket_policy_problem,policy.json,True,80.08387281004079,90.0,80.08387281004079,0,80.08387281004079,0,3.544412136077881,3.4836,1,0.0,0
../samples/repair/s3_allow_all_except_delete,fixed.json,True,100.29094683225357,90.0,78.97581830788269,1,78.97581830788269,0,3.3789474964141846,0.442298705,11,0.5148606300354004,16
../samples/repair/s3_allow_all_except_delete,initial.json,True,78.97581830788269,90.0,78.97581830788269,0,78.97581830788269,0,0.17470002174377441,0.06359727999999999,1,0.0,0
../samples/repair/s3_policy_provides_programmatic_access_2,policy2.json,True,87.00070582039265,90.0,87.00070582039265,0,87.00070582039265,0,0.9559404850006104,0.858028,1,0.0,0
../samples/repair/s3_remove_permissions_individual_files_1,policy1.json,True,-1,90.0,-1,0,-1,0,0.15584135055541992,0.0822426,1,0.0,0
../samples/repair/ec2_restrict_to_specific_instance,policy.json,True,100.86406714484372,90.0,1.8675564065398873,1,1.8675564065398873,0,3.9197490215301514,1.6409447369999999,6,0.1026914119720459,8
../samples/repair/s3_policy_provides_programmatic_access_1,policy1.json,True,0.9775223703018986,90.0,0.9775223703018986,0,0.9775223703018986,0,0.14547348022460938,0.064325,1,0.0,0
../samples/repair/iam_simplest_policy,policy.json,True,101.08387281004079,90.0,1.4984080015090675,1,1.4984080015090675,0,0.871196985244751,0.40506769400000003,5,0.0,0
../samples/repair/s3_public_access,policy.json,True,68.12570582039265,90.0,68.12570582039265,0,68.12570582039265,0,0.26336121559143066,0.20239069999999998,1,0.0,0
../samples/repair/s3_object_query_permissions_1,policy1.json,True,87.00070582039265,90.0,87.00070582039265,0,87.00070582039265,0,1.3514444828033447,1.240449,1,0.0,0
../samples/repair/iam_specify_all_users_in_account_bucket_policy_1,policy1.json,True,0.125,90.0,0.125,0,0.125,0,0.12766385078430176,0.06745822,1,0.0,0
../samples/repair/ec2_require_mfa_session_token,policy.json,True,101.19835589313327,90.0,1.5938906979209087,1,1.5938906979209087,0,1.984058141708374,0.45473472699999995,6,0.1224217414855957,10
../samples/repair/iam_policy_allow_adding_deleting_users,fixed.json,True,70.96753456203378,90.0,70.96753456203378,0,70.96753456203378,0,0.12157940864562988,0.0478736,1,0.0,0
../samples/repair/iam_policy_allow_adding_deleting_users,initial.json,True,100.1988261329828,90.0,78.19882613298279,1,78.19882613298279,0,2.688699245452881,0.5542546309999999,7,0.21970224380493164,18
../samples/repair/ec2_allow_some_instances,fixed.json,True,100.59506675816309,90.0,88.12570582039264,1,88.12570582039264,0,3.732187271118164,1.0543926959999999,20,0.2022402286529541,9
../samples/repair/ec2_allow_some_instances,initial.json,True,87.65629419609681,90.0,87.65629419609681,0,87.65629419609681,0,0.44445276260375977,0.1517676,1,0.0,0
../samples/repair/iam_policy_allow_adding_deleting_users_2,fixed.json,True,70.96753456203378,90.0,70.96753456203378,0,70.96753456203378,0,0.12005186080932617,0.0475716,1,0.0,0
../samples/repair/ec2_enforce_project_tagging,policy.json,True,101.01163867554895,90.0,78.8942416749675,2,78.8942416749675,0,10.364884614944458,5.6698795440000005,16,0.48169684410095215,16
-----
repair outcomes:
    success:    43
    failure:    0
    error:      0
    total:      43 
    ---
    w/o enum:   43
    enumerated: 0
    % w/o enum: 1.0
    % enum    : 0.0

iterations:
    sum: 19
    avg: 0.4418604651162791
total time (s):
    sum: 134.30641341209412
    avg: 3.1234049630719563
abc time (s):
    sum: 50.548048144000006
    avg: 1.1755360033488373
abc calls:
    sum: 192
    avg: 4.465116279069767
z3 time (s):
    sum: 6.492475748062134
    avg: 0.15098780809446824
z3 calls:
    sum: 263
    avg: 6.116279069767442

