path,policy,success,initial permissiveness,permissiveness bound,permissiveness,iters,enum_point_permissiveness,enum_iters,time,abc time,abc calls,z3 time,z3 calls
../samples/repair/s3_iam_user_cannot_create_folder_through_console,policy.json,True,73.72474131778816,60.0,1.423367530665539,3,1.423367530665539,0,22.84193181991577,9.648252065,20,1.669623613357544,72
../samples/repair/ec2_terminate_instance_ip,policy.json,True,100.00070582039264,60.0,0.41524101186092033,1,0.41524101186092033,0,3.2831830978393555,1.1636580189999999,6,0.13269543647766113,10
../samples/repair/s3_policy_or_condition,policy.json,True,83.12570582039265,60.0,0.375,2,79.12570582039265,1,16.93109679222107,10.992190895000002,15,0.3806886672973633,30
../samples/repair/s3_policy_failing_not_sure_why,policy.json,True,100.97581830788269,60.0,54.97652137653192,1,54.97652137653192,0,3.0672945976257324,0.6329239429999999,6,0.29971837997436523,23
../samples/repair/ec2_allow_ebs_volume_owners,policy.json,True,80.69031750311083,60.0,44.44882705022126,2,44.44882705022126,0,15.985946416854858,8.674479466000001,13,0.40000343322753906,18
../samples/repair/ec2_launch_instance_specific_subnet,policy.json,True,100.86704798758801,60.0,1.076838730514401,8,1.076838730514401,0,23.70610284805298,11.811728893999998,57,2.1008119583129883,64
../samples/repair/s3_remove_permissions_individual_files_2,policy2.json,True,71.12570582039265,60.0,1.1284882495712356,1,1.1284882495712356,0,3.869840145111084,1.823413043,6,0.10395550727844238,8
../samples/repair/s3_restrict_access_to_certain_roles,policy.json,True,79.97581830788269,60.0,1.3903534993509585,3,70.97581830788268,1,5.228981018066406,0.7150744629999999,14,0.814814567565918,60
../samples/repair/iam_role_policy_modify_iam_but_not_own_policies,policy.json,True,100.39694644557294,60.0,0.5943609377704336,1,0.5943609377704336,0,3.6996066570281982,0.9841614169999998,10,0.1806488037109375,15
../samples/repair/ec2_actions_region_aws-portal,policy.json,True,101.20596228200864,60.0,1.6213755747591787,14,69.97581830788268,1,129.3506247997284,43.76670814600002,69,2.8786191940307617,108
../samples/repair/ec2_limit_ebs_volume_size,fixed.json,True,100.75625508531245,60.0,52.58826078516029,7,52.58826078516029,0,45.20506739616394,21.607400371000008,50,4.613189697265625,140
../samples/repair/ec2_limit_ebs_volume_size,initial.json,True,100.75625508531245,60.0,52.58826078516029,7,52.58826078516029,0,45.674997329711914,24.016771695999992,49,4.502728223800659,140
../samples/repair/iam_specify_all_users_in_account_bucket_policy_2,policy2.json,True,65.97581830788268,60.0,1.9792903626822194,1,1.9792903626822194,0,2.8278255462646484,1.603580956,5,0.0,0
../samples/repair/ec2_prevent_running_classic,policy.json,True,67.46326078516029,60.0,58.5882635368617,1,58.5882635368617,0,11.058648824691772,6.108991399999999,9,0.39086484909057617,10
../samples/repair/iam_user_access_to_s3_uploads_fail,fixed.json,True,100.39694644557294,60.0,0.8541112517705928,5,64.41594683225357,1,18.708458185195923,5.2689121100000005,44,1.8750135898590088,90
../samples/repair/iam_user_access_to_s3_uploads_fail,initial.json,True,87.00070582039265,60.0,0.817394851388504,4,64.41594683225357,1,12.741949796676636,2.9356663639999994,34,1.2685418128967285,72
../samples/repair/s3_object_query_permissions_2,fix.json,True,0.25,60.0,0.25,0,0.25,0,0.16869330406188965,0.0959709,1,0.0,0
../samples/repair/s3_policy_for_lambda_function,policy1.json,True,71.97581830788269,60.0,55.10081830788268,1,55.10081830788268,0,3.1211040019989014,0.914637437,6,0.2357933521270752,21
../samples/repair/s3_policy_for_lambda_function,policy2.json,True,71.32382613298279,60.0,0.7442745387983595,1,0.7442745387983595,0,2.7016777992248535,0.6394488610000001,8,0.2805333137512207,21
../samples/repair/iam_policy_allow_adding_deleting_users_1,initial.json,True,100.1988261329828,60.0,0.7193609377704336,3,65.32382613298279,2,29.88586401939392,16.410210667999998,33,1.9754843711853027,90
../samples/repair/s3_bucket_policy_grant_read_specific_file_type,policy.json,True,73.12570582039264,60.0,47.12570582039264,1,47.12570582039264,0,1.1756055355072021,0.692544767,5,0.0,0
../samples/repair/s3_bucket_folder_restrict_by_user,policy.json,True,63.97581830788268,60.0,51.97581830788268,1,51.97581830788268,0,18.79488182067871,9.297381848,11,0.5439541339874268,20
../samples/repair/s3_policy_provides_programmatic_access_3,policy3.json,True,87.12570582039265,60.0,1.4079820024495104,9,60.97581830788268,1,38.86341333389282,23.229970152000007,61,1.3614697456359863,60
../samples/repair/ec2_validate_attach_volume,policy.json,True,79.12570857209407,60.0,54.25070582039264,2,54.25070582039264,0,6.826044797897339,2.67461122,11,0.5396115779876709,20
../samples/repair/s3_policy_public_and_principal_specific_permissions,policy.json,True,77.12570582039264,60.0,0.9751124874900381,1,0.9751124874900381,0,2.164405345916748,0.659382066,6,0.22091007232666016,13
../samples/repair/s3_sos_bucket_policy_problem,policy.json,True,80.08387281004079,60.0,54.08387281004079,1,54.08387281004079,0,20.37985873222351,12.623766794000003,6,0.30167412757873535,20
../samples/repair/s3_allow_all_except_delete,fixed.json,True,100.29094683225357,60.0,59.97581830788268,3,59.97581830788268,0,9.699418783187866,1.2786107909999997,22,1.3010454177856445,48
../samples/repair/s3_allow_all_except_delete,initial.json,True,78.97581830788269,60.0,1.4226928688980731,3,1.4226928688980731,0,9.007699966430664,1.279599662,17,1.039374589920044,48
../samples/repair/s3_policy_provides_programmatic_access_2,policy2.json,True,87.00070582039265,60.0,1.4077618556712725,7,62.97581830788268,1,26.35930109024048,14.969273397999997,42,1.273880958557129,56
../samples/repair/s3_remove_permissions_individual_files_1,policy1.json,True,-1,60.0,-1,0,-1,0,0.1544809341430664,0.08075020000000001,1,0.0,0
../samples/repair/ec2_restrict_to_specific_instance,policy.json,True,100.86406714484372,60.0,1.8675564065398873,1,1.8675564065398873,0,3.9229419231414795,1.63661198,6,0.10429120063781738,8
../samples/repair/s3_policy_provides_programmatic_access_1,policy1.json,True,0.9775223703018986,60.0,0.9775223703018986,0,0.9775223703018986,0,0.14638423919677734,0.0642726,1,0.0,0
../samples/repair/iam_simplest_policy,policy.json,True,101.08387281004079,60.0,1.4984080015090675,1,1.4984080015090675,0,0.8657677173614502,0.403639134,5,0.0,0
../samples/repair/s3_public_access,policy.json,True,68.12570582039265,60.0,1.1284882495712356,1,1.1284882495712356,0,2.2438302040100098,1.372945606,5,0.0,0
../samples/repair/s3_object_query_permissions_1,policy1.json,True,87.00070582039265,60.0,56.97581830788268,2,56.97581830788268,0,13.299633502960205,6.400406702,17,0.5975289344787598,24
../samples/repair/iam_specify_all_users_in_account_bucket_policy_1,policy1.json,True,0.125,60.0,0.125,0,0.125,0,0.12741541862487793,0.06676129,1,0.0,0
../samples/repair/ec2_require_mfa_session_token,policy.json,True,101.19835589313327,60.0,1.5938906979209087,1,1.5938906979209087,0,1.991438865661621,0.45492460100000004,6,0.13210082054138184,10
../samples/repair/iam_policy_allow_adding_deleting_users,fixed.json,True,70.96753456203378,60.0,0.5943609377704336,1,70.96753456203378,1,1.0964782238006592,0.5455734350000001,10,0.0,0
../samples/repair/iam_policy_allow_adding_deleting_users,initial.json,True,100.1988261329828,60.0,0.5943609377704336,2,78.19882613298279,1,9.283586978912354,3.5555495690000005,18,0.627295970916748,54
../samples/repair/ec2_allow_some_instances,fixed.json,True,100.59506675816309,60.0,1.6072476243909464,2,1.6072476243909464,0,9.069150924682617,1.6721466209999998,26,0.4158930778503418,18
../samples/repair/ec2_allow_some_instances,initial.json,True,87.65629419609681,60.0,1.6072476243909464,1,1.6072476243909464,0,2.96060848236084,1.1995428270000004,21,0.0,0
../samples/repair/iam_policy_allow_adding_deleting_users_2,fixed.json,True,70.96753456203378,60.0,56.32382613298279,1,56.32382613298279,0,1.0309913158416748,0.47585897099999996,6,0.0,0
../samples/repair/ec2_enforce_project_tagging,policy.json,True,101.01163867554895,60.0,1.2108125658979023,3,1.2108125658979023,0,18.37161159515381,10.095082218999998,21,0.6800122261047363,24
-----
repair outcomes:
    success:    43
    failure:    0
    error:      0
    total:      43 
    ---
    w/o enum:   33
    enumerated: 10
    % w/o enum: 0.7674418604651163
    % enum    : 0.23255813953488372

iterations:
    sum: 121
    avg: 2.813953488372093
total time (s):
    sum: 597.893844127655
    avg: 13.904508002968722
abc time (s):
    sum: 264.5433875670001
    avg: 6.152171803883723
abc calls:
    sum: 780
    avg: 18.13953488372093
z3 time (s):
    sum: 33.2427716255188
    avg: 0.7730877122213674
z3 calls:
    sum: 1415
    avg: 32.906976744186046

