path,policy,success,initial permissiveness,permissiveness bound,permissiveness,iters,enum_point_permissiveness,enum_iters,time,abc time,abc calls,z3 time,z3 calls
../samples/repair/s3_iam_user_cannot_create_folder_through_console,policy.json,True,73.72474131778816,60.0,11.975112487490039,1,11.975112487490039,0,5.756267070770264,2.326503313,7,0.32976651191711426,24
../samples/repair/ec2_terminate_instance_ip,policy.json,True,100.00070582039264,60.0,11.000703068649235,1,11.000703068649235,0,3.1432178020477295,1.09571002,6,0.12993693351745605,10
../samples/repair/s3_policy_or_condition,policy.json,True,83.12570582039265,60.0,5.125000000000492,2,5.125000000000492,0,17.624599933624268,10.193595430999999,13,0.9218955039978027,20
../samples/repair/s3_policy_failing_not_sure_why,policy.json,True,100.97581830788269,60.0,54.97652137653192,1,54.97652137653192,0,3.057803153991699,0.6367261310000001,6,0.2984762191772461,23
../samples/repair/ec2_allow_ebs_volume_owners,policy.json,True,80.69031750311083,60.0,44.44882705022126,2,44.44882705022126,0,15.989285230636597,8.692477114999999,13,0.3971405029296875,18
../samples/repair/ec2_launch_instance_specific_subnet,policy.json,True,100.86704798758801,60.0,1.076838730514401,8,1.076838730514401,0,23.354471445083618,11.572927466000001,57,2.092299461364746,64
../samples/repair/s3_remove_permissions_individual_files_2,policy2.json,True,71.12570582039265,60.0,1.1284882495712356,1,1.1284882495712356,0,3.874311685562134,1.82700685,6,0.10805892944335938,8
../samples/repair/s3_restrict_access_to_certain_roles,policy.json,True,79.97581830788269,60.0,1.3903534993509585,3,70.97581830788268,1,5.253739833831787,0.7199921659999998,14,0.8383336067199707,60
../samples/repair/iam_role_policy_modify_iam_but_not_own_policies,policy.json,True,100.39694644557294,60.0,0.5943609377704336,1,0.5943609377704336,0,3.7387969493865967,0.9853961400000002,10,0.1858510971069336,15
../samples/repair/ec2_actions_region_aws-portal,policy.json,True,101.20596228200864,60.0,16.18062685577538,5,16.18062685577538,0,88.76530385017395,21.169469466,38,2.6627917289733887,90
../samples/repair/ec2_limit_ebs_volume_size,fixed.json,True,100.75625508531245,60.0,12.587554964767637,7,12.587554964767637,0,44.97579073905945,20.540320524000002,50,4.551584720611572,140
../samples/repair/ec2_limit_ebs_volume_size,initial.json,True,100.75625508531245,60.0,12.587554964767637,7,12.587554964767637,0,46.98174333572388,24.017621694000002,49,4.520663499832153,140
../samples/repair/iam_specify_all_users_in_account_bucket_policy_2,policy2.json,True,65.97581830788268,60.0,5.975112487532354,1,5.975112487532354,0,2.433340549468994,1.399935058,5,0.0,0
../samples/repair/ec2_prevent_running_classic,policy.json,True,67.46326078516029,60.0,58.5882635368617,1,58.5882635368617,0,11.02675175666809,6.102607400000001,9,0.39015960693359375,10
../samples/repair/iam_user_access_to_s3_uploads_fail,fixed.json,True,100.39694644557294,60.0,0.8541112517705928,5,64.41594683225357,1,18.65131425857544,5.274768801000002,44,1.8918800354003906,90
../samples/repair/iam_user_access_to_s3_uploads_fail,initial.json,True,87.00070582039265,60.0,0.817394851388504,4,64.41594683225357,1,12.765673875808716,2.9564599169999997,34,1.2854290008544922,72
../samples/repair/s3_object_query_permissions_2,fix.json,True,0.25,60.0,0.25,0,0.25,0,0.17081022262573242,0.0960041,1,0.0,0
../samples/repair/s3_policy_for_lambda_function,policy1.json,True,71.97581830788269,60.0,0.9751124874900381,1,0.9751124874900381,0,2.940995931625366,0.828289677,6,0.23703932762145996,21
../samples/repair/s3_policy_for_lambda_function,policy2.json,True,71.32382613298279,60.0,11.323120312590145,1,11.323120312590145,0,2.5258171558380127,0.5556066049999999,8,0.2783958911895752,21
../samples/repair/iam_policy_allow_adding_deleting_users_1,initial.json,True,100.1988261329828,60.0,0.7193609377704336,2,77.19882613298279,1,13.535549879074097,7.574742988,18,0.6554358005523682,54
../samples/repair/s3_bucket_policy_grant_read_specific_file_type,policy.json,True,73.12570582039264,60.0,47.12570582039264,1,47.12570582039264,0,1.178464412689209,0.691531514,5,0.0,0
../samples/repair/s3_bucket_folder_restrict_by_user,policy.json,True,63.97581830788268,60.0,51.97581830788268,1,51.97581830788268,0,18.552966594696045,9.230805407,11,0.5451679229736328,20
../samples/repair/s3_policy_provides_programmatic_access_3,policy3.json,True,87.12570582039265,60.0,59.97581830788268,3,59.97581830788268,0,22.30108642578125,10.302727997999998,26,1.0192272663116455,45
../samples/repair/ec2_validate_attach_volume,policy.json,True,79.12570857209407,60.0,54.25070582039264,2,54.25070582039264,0,6.850454330444336,2.6661614199999994,11,0.5500564575195312,20
../samples/repair/s3_policy_public_and_principal_specific_permissions,policy.json,True,77.12570582039264,60.0,0.9751124874900381,1,0.9751124874900381,0,2.018669605255127,0.58640895,6,0.2175302505493164,13
../samples/repair/s3_sos_bucket_policy_problem,policy.json,True,80.08387281004079,60.0,54.08387281004079,1,54.08387281004079,0,20.315603017807007,12.609440307,6,0.26513099670410156,20
../samples/repair/s3_allow_all_except_delete,fixed.json,True,100.29094683225357,60.0,59.97581830788268,3,59.97581830788268,0,9.752898454666138,1.3066191400000002,22,1.2485966682434082,48
../samples/repair/s3_allow_all_except_delete,initial.json,True,78.97581830788269,60.0,11.100112487490037,3,11.100112487490037,0,9.982520818710327,1.4955662589999996,18,1.1032593250274658,48
../samples/repair/s3_policy_provides_programmatic_access_2,policy2.json,True,87.00070582039265,60.0,9.975112487532027,3,9.975112487532027,0,23.21978187561035,11.870326601000002,24,1.2774360179901123,42
../samples/repair/s3_remove_permissions_individual_files_1,policy1.json,True,-1,60.0,-1,0,-1,0,0.15291452407836914,0.08053690000000001,1,0.0,0
../samples/repair/ec2_restrict_to_specific_instance,policy.json,True,100.86406714484372,60.0,1.8675564065398873,1,1.8675564065398873,0,3.9235141277313232,1.6389052419999999,6,0.10325217247009277,8
../samples/repair/s3_policy_provides_programmatic_access_1,policy1.json,True,0.9775223703018986,60.0,0.9775223703018986,0,0.9775223703018986,0,0.1480848789215088,0.0646516,1,0.0,0
../samples/repair/iam_simplest_policy,policy.json,True,101.08387281004079,60.0,1.4984080015090675,1,1.4984080015090675,0,0.8741621971130371,0.405669757,5,0.0,0
../samples/repair/s3_public_access,policy.json,True,68.12570582039265,60.0,1.1284882495712356,1,1.1284882495712356,0,2.2417895793914795,1.3756398129999998,5,0.0,0
../samples/repair/s3_object_query_permissions_1,policy1.json,True,87.00070582039265,60.0,56.97581830788268,2,56.97581830788268,0,13.30033540725708,6.362467863,17,0.597912073135376,24
../samples/repair/iam_specify_all_users_in_account_bucket_policy_1,policy1.json,True,0.125,60.0,0.125,0,0.125,0,0.12662386894226074,0.06648949,1,0.0,0
../samples/repair/ec2_require_mfa_session_token,policy.json,True,101.19835589313327,60.0,16.19765007274062,1,16.19765007274062,0,1.9356839656829834,0.43367350000000005,6,0.1256546974182129,10
../samples/repair/iam_policy_allow_adding_deleting_users,fixed.json,True,70.96753456203378,60.0,0.5943609377704336,1,70.96753456203378,1,1.10693359375,0.550730478,10,0.0,0
../samples/repair/iam_policy_allow_adding_deleting_users,initial.json,True,100.1988261329828,60.0,0.5943609377704336,2,78.19882613298279,1,9.303168773651123,3.5407474800000003,18,0.6457405090332031,54
../samples/repair/ec2_allow_some_instances,fixed.json,True,100.59506675816309,60.0,1.6072476243909464,2,1.6072476243909464,0,9.086205959320068,1.673040247,26,0.41041040420532227,18
../samples/repair/ec2_allow_some_instances,initial.json,True,87.65629419609681,60.0,1.6072476243909464,1,1.6072476243909464,0,2.9554202556610107,1.195976934,21,0.0,0
../samples/repair/iam_policy_allow_adding_deleting_users_2,fixed.json,True,70.96753456203378,60.0,12.594360937770434,2,12.594360937770434,0,10.696531534194946,3.054751145,25,0.6377511024475098,18
../samples/repair/ec2_enforce_project_tagging,policy.json,True,101.01163867554895,60.0,13.07405712965851,3,13.07405712965851,0,18.773245811462402,8.912719519,21,0.6847131252288818,24
-----
repair outcomes:
    success:    43
    failure:    0
    error:      0
    total:      43 
    ---
    w/o enum:   37
    enumerated: 6
    % w/o enum: 0.8604651162790697
    % enum    : 0.13953488372093023

iterations:
    sum: 95
    avg: 2.2093023255813953
total time (s):
    sum: 515.3626446723938
    avg: 11.985177783078926
abc time (s):
    sum: 208.68174842599993
    avg: 4.853063916883719
abc calls:
    sum: 686
    avg: 15.953488372093023
z3 time (s):
    sum: 31.206977367401123
    avg: 0.7257436597070028
z3 calls:
    sum: 1292
    avg: 30.046511627906977

