path,policy,success,initial permissiveness,permissiveness bound,permissiveness,iters,enum_point_permissiveness,enum_iters,time,abc time,abc calls,z3 time,z3 calls
../samples/repair/s3_iam_user_cannot_create_folder_through_console,policy.json,True,73.72474131778816,50.0,1.423367530665539,3,1.423367530665539,0,22.72916889190674,9.668706899,20,1.6190097332000732,72
../samples/repair/ec2_terminate_instance_ip,policy.json,True,100.00070582039264,50.0,0.41524101186092033,1,0.41524101186092033,0,3.2647323608398438,1.16092629,6,0.13065814971923828,10
../samples/repair/s3_policy_or_condition,policy.json,True,83.12570582039265,50.0,0.375,2,79.12570582039265,1,16.898062705993652,11.013594134000002,15,0.3644123077392578,30
../samples/repair/s3_policy_failing_not_sure_why,policy.json,True,100.97581830788269,50.0,1.4232328000801826,3,1.4232328000801826,0,10.395497560501099,2.2483627380000004,17,1.5839157104492188,69
../samples/repair/ec2_allow_ebs_volume_owners,policy.json,True,80.69031750311083,50.0,44.44882705022126,2,44.44882705022126,0,15.921228885650635,8.662242279,13,0.3956596851348877,18
../samples/repair/ec2_launch_instance_specific_subnet,policy.json,True,100.86704798758801,50.0,1.076838730514401,8,1.076838730514401,0,23.720414400100708,11.774814516000001,57,2.1082065105438232,64
../samples/repair/s3_remove_permissions_individual_files_2,policy2.json,True,71.12570582039265,50.0,1.1284882495712356,1,1.1284882495712356,0,3.8728978633880615,1.824150881,6,0.11057853698730469,8
../samples/repair/s3_restrict_access_to_certain_roles,policy.json,True,79.97581830788269,50.0,1.3903534993509585,3,70.97581830788268,1,5.213966369628906,0.7151663840000001,14,0.8254356384277344,60
../samples/repair/iam_role_policy_modify_iam_but_not_own_policies,policy.json,True,100.39694644557294,50.0,0.5943609377704336,1,0.5943609377704336,0,3.6604480743408203,0.9870086240000001,10,0.17658185958862305,15
../samples/repair/ec2_actions_region_aws-portal,policy.json,True,101.20596228200864,50.0,1.6213755747591787,14,69.97581830788268,1,129.21322989463806,43.610967452000004,69,2.8880999088287354,108
../samples/repair/ec2_limit_ebs_volume_size,fixed.json,True,100.75625508531245,50.0,49.58826078516028,9,49.58826078516028,0,58.718913078308105,27.414760992999998,60,5.6289918422698975,180
../samples/repair/ec2_limit_ebs_volume_size,initial.json,True,100.75625508531245,50.0,49.58826078516028,9,49.58826078516028,0,61.976964712142944,32.32034619200001,60,5.641554832458496,180
../samples/repair/iam_specify_all_users_in_account_bucket_policy_2,policy2.json,True,65.97581830788268,50.0,1.9792903626822194,1,1.9792903626822194,0,2.834777593612671,1.5999762189999998,5,0.0,0
../samples/repair/ec2_prevent_running_classic,policy.json,True,67.46326078516029,50.0,49.463263536861696,7,49.463263536861696,0,40.32135319709778,25.846775128999997,43,2.372080087661743,70
../samples/repair/iam_user_access_to_s3_uploads_fail,fixed.json,True,100.39694644557294,50.0,0.8541112517705928,5,64.41594683225357,1,18.63507890701294,5.262662693,44,1.9109652042388916,90
../samples/repair/iam_user_access_to_s3_uploads_fail,initial.json,True,87.00070582039265,50.0,0.817394851388504,4,64.41594683225357,1,12.659839868545532,2.953733056000001,34,1.2656006813049316,72
../samples/repair/s3_object_query_permissions_2,fix.json,True,0.25,50.0,0.25,0,0.25,0,0.17026042938232422,0.0960822,1,0.0,0
../samples/repair/s3_policy_for_lambda_function,policy1.json,True,71.97581830788269,50.0,0.9751124874900381,3,0.9751124874900381,0,11.361798524856567,3.6915339370000004,17,1.4087212085723877,63
../samples/repair/s3_policy_for_lambda_function,policy2.json,True,71.32382613298279,50.0,0.7442745387983595,1,0.7442745387983595,0,2.6718122959136963,0.633511309,8,0.2754483222961426,21
../samples/repair/iam_policy_allow_adding_deleting_users_1,initial.json,True,100.1988261329828,50.0,0.7193609377704336,3,65.32382613298279,2,29.78797960281372,16.306846393999997,33,1.969038486480713,90
../samples/repair/s3_bucket_policy_grant_read_specific_file_type,policy.json,True,73.12570582039264,50.0,47.12570582039264,1,47.12570582039264,0,1.18886137008667,0.699734942,5,0.0,0
../samples/repair/s3_bucket_folder_restrict_by_user,policy.json,True,63.97581830788268,50.0,36.97581830788268,2,36.97581830788268,0,37.60564684867859,19.972653357000002,22,1.3665244579315186,40
../samples/repair/s3_policy_provides_programmatic_access_3,policy3.json,True,87.12570582039265,50.0,1.4079820024495104,9,60.97581830788268,1,39.09385061264038,23.421974036999988,61,1.3576571941375732,60
../samples/repair/ec2_validate_attach_volume,policy.json,True,79.12570857209407,50.0,0.5402410118609203,4,0.5402410118609203,0,13.83717679977417,6.133554397999999,20,1.1562891006469727,40
../samples/repair/s3_policy_public_and_principal_specific_permissions,policy.json,True,77.12570582039264,50.0,0.9751124874900381,1,0.9751124874900381,0,2.138901472091675,0.640295605,6,0.21628928184509277,13
../samples/repair/s3_sos_bucket_policy_problem,policy.json,True,80.08387281004079,50.0,1.4984080015090675,2,54.08387281004079,1,53.983185052871704,39.005309589999996,15,0.8832056522369385,60
../samples/repair/s3_allow_all_except_delete,fixed.json,True,100.29094683225357,50.0,1.4226928688980731,4,1.4226928688980731,0,12.838733673095703,1.748110643,27,1.7403488159179688,64
../samples/repair/s3_allow_all_except_delete,initial.json,True,78.97581830788269,50.0,1.4226928688980731,3,1.4226928688980731,0,9.053741693496704,1.275451774,17,1.037125587463379,48
../samples/repair/s3_policy_provides_programmatic_access_2,policy2.json,True,87.00070582039265,50.0,1.4077618556712725,7,62.97581830788268,1,26.27984929084778,14.911993659,42,1.2897861003875732,56
../samples/repair/s3_remove_permissions_individual_files_1,policy1.json,True,-1,50.0,-1,0,-1,0,0.15165376663208008,0.07999120000000001,1,0.0,0
../samples/repair/ec2_restrict_to_specific_instance,policy.json,True,100.86406714484372,50.0,1.8675564065398873,1,1.8675564065398873,0,3.9469778537750244,1.6402169260000001,6,0.10736918449401855,8
../samples/repair/s3_policy_provides_programmatic_access_1,policy1.json,True,0.9775223703018986,50.0,0.9775223703018986,0,0.9775223703018986,0,0.14651799201965332,0.0633564,1,0.0,0
../samples/repair/iam_simplest_policy,policy.json,True,101.08387281004079,50.0,1.4984080015090675,1,1.4984080015090675,0,0.8575544357299805,0.39938676800000006,5,0.0,0
../samples/repair/s3_public_access,policy.json,True,68.12570582039265,50.0,1.1284882495712356,1,1.1284882495712356,0,2.2705256938934326,1.387863515,5,0.0,0
../samples/repair/s3_object_query_permissions_1,policy1.json,True,87.00070582039265,50.0,1.4077618556712725,8,56.97581830788268,1,34.389578342437744,21.557699281999998,52,1.0096352100372314,48
../samples/repair/iam_specify_all_users_in_account_bucket_policy_1,policy1.json,True,0.125,50.0,0.125,0,0.125,0,0.12695670127868652,0.06660107,1,0.0,0
../samples/repair/ec2_require_mfa_session_token,policy.json,True,101.19835589313327,50.0,1.5938906979209087,1,1.5938906979209087,0,1.9887418746948242,0.44896781799999996,6,0.1274106502532959,10
../samples/repair/iam_policy_allow_adding_deleting_users,fixed.json,True,70.96753456203378,50.0,0.5943609377704336,1,70.96753456203378,1,1.0936684608459473,0.545610171,10,0.0,0
../samples/repair/iam_policy_allow_adding_deleting_users,initial.json,True,100.1988261329828,50.0,0.5943609377704336,2,78.19882613298279,1,9.293047428131104,3.568030513,18,0.6316728591918945,54
../samples/repair/ec2_allow_some_instances,fixed.json,True,100.59506675816309,50.0,1.6072476243909464,2,1.6072476243909464,0,9.070824146270752,1.671277372,26,0.4185945987701416,18
../samples/repair/ec2_allow_some_instances,initial.json,True,87.65629419609681,50.0,1.6072476243909464,1,1.6072476243909464,0,2.9684512615203857,1.1997972760000002,21,0.0,0
../samples/repair/iam_policy_allow_adding_deleting_users_2,fixed.json,True,70.96753456203378,50.0,0.7193609377704336,3,0.7193609377704336,0,7.859018325805664,2.214120687,18,1.145063877105713,36
../samples/repair/ec2_enforce_project_tagging,policy.json,True,101.01163867554895,50.0,1.2108125658979023,3,1.2108125658979023,0,18.146657943725586,9.917923786,21,0.6712934970855713,24
-----
repair outcomes:
    success:    43
    failure:    0
    error:      0
    total:      43 
    ---
    w/o enum:   31
    enumerated: 12
    % w/o enum: 0.7209302325581395
    % enum    : 0.27906976744186046

iterations:
    sum: 150
    avg: 3.488372093023256
total time (s):
    sum: 762.358546257019
    avg: 17.729268517605092
abc time (s):
    sum: 360.3620891080001
    avg: 8.380513700186048
abc calls:
    sum: 938
    avg: 21.813953488372093
z3 time (s):
    sum: 43.83322477340698
    avg: 1.0193773203117902
z3 calls:
    sum: 1799
    avg: 41.83720930232558

