path,policy,success,initial permissiveness,permissiveness bound,permissiveness,iters,enum_point_permissiveness,enum_iters,time,abc time,abc calls,z3 time,z3 calls
../samples/repair/s3_iam_user_cannot_create_folder_through_console,policy.json,True,73.72474131778816,70.0,62.100818307882676,1,62.100818307882676,0,6.521196365356445,2.6490041850000003,7,0.3434431552886963,24
../samples/repair/ec2_terminate_instance_ip,policy.json,True,100.00070582039264,70.0,0.41524101186092033,1,0.41524101186092033,0,3.2735559940338135,1.167261247,6,0.11869263648986816,10
../samples/repair/s3_policy_or_condition,policy.json,True,83.12570582039265,70.0,0.375,2,79.12570582039265,1,16.975322008132935,11.061144753999999,15,0.37416648864746094,30
../samples/repair/s3_policy_failing_not_sure_why,policy.json,True,100.97581830788269,70.0,54.97652137653192,1,54.97652137653192,0,3.010866403579712,0.630326179,6,0.2602052688598633,23
../samples/repair/ec2_allow_ebs_volume_owners,policy.json,True,80.69031750311083,70.0,44.44882705022126,2,44.44882705022126,0,16.029515981674194,8.730785871,13,0.3997163772583008,18
../samples/repair/ec2_launch_instance_specific_subnet,policy.json,True,100.86704798758801,70.0,69.85233470714762,6,69.85233470714762,0,19.27994966506958,9.790677263000006,48,1.5237061977386475,48
../samples/repair/s3_remove_permissions_individual_files_2,policy2.json,True,71.12570582039265,70.0,1.1284882495712356,1,1.1284882495712356,0,3.8405709266662598,1.819258561,6,0.11076092720031738,8
../samples/repair/s3_restrict_access_to_certain_roles,policy.json,True,79.97581830788269,70.0,1.3903534993509585,3,70.97581830788268,1,5.229552745819092,0.71778612,14,0.8117847442626953,60
../samples/repair/iam_role_policy_modify_iam_but_not_own_policies,policy.json,True,100.39694644557294,70.0,0.5943609377704336,1,0.5943609377704336,0,3.672719717025757,0.9836925909999998,10,0.16341185569763184,15
../samples/repair/ec2_actions_region_aws-portal,policy.json,True,101.20596228200864,70.0,69.97581830788268,4,69.97581830788268,0,68.61226654052734,16.895535327,30,2.095273017883301,72
../samples/repair/ec2_limit_ebs_volume_size,fixed.json,True,100.75625508531245,70.0,69.8523347071476,6,69.8523347071476,0,40.421204805374146,19.284861526999997,45,3.943425416946411,120
../samples/repair/ec2_limit_ebs_volume_size,initial.json,True,100.75625508531245,70.0,69.8523347071476,6,69.8523347071476,0,42.63393235206604,23.168624843,45,3.910452127456665,120
../samples/repair/iam_specify_all_users_in_account_bucket_policy_2,policy2.json,True,65.97581830788268,70.0,65.97581830788268,0,65.97581830788268,0,0.2113196849822998,0.15472429999999998,1,0.0,0
../samples/repair/ec2_prevent_running_classic,policy.json,True,67.46326078516029,70.0,67.46326078516029,0,67.46326078516029,0,0.6041522026062012,0.5302,1,0.0,0
../samples/repair/iam_user_access_to_s3_uploads_fail,fixed.json,True,100.39694644557294,70.0,64.41594683225357,3,64.41594683225357,0,11.624894857406616,2.31430863,25,1.42264723777771,54
../samples/repair/iam_user_access_to_s3_uploads_fail,initial.json,True,87.00070582039265,70.0,64.41594683225357,2,64.41594683225357,0,6.72225284576416,0.9765426140000001,15,0.8221015930175781,36
../samples/repair/s3_object_query_permissions_2,fix.json,True,0.25,70.0,0.25,0,0.25,0,0.1679368019104004,0.0950964,1,0.0,0
../samples/repair/s3_policy_for_lambda_function,policy1.json,True,71.97581830788269,70.0,55.10081830788268,1,55.10081830788268,0,3.1606690883636475,0.9192440789999999,6,0.2523536682128906,21
../samples/repair/s3_policy_for_lambda_function,policy2.json,True,71.32382613298279,70.0,0.7442745387983595,1,0.7442745387983595,0,2.665339231491089,0.633767761,8,0.27112460136413574,21
../samples/repair/iam_policy_allow_adding_deleting_users_1,initial.json,True,100.1988261329828,70.0,65.32382613298279,1,65.32382613298279,0,3.1168015003204346,0.786480982,7,0.19762706756591797,18
../samples/repair/s3_bucket_policy_grant_read_specific_file_type,policy.json,True,73.12570582039264,70.0,47.12570582039264,1,47.12570582039264,0,1.1833922863006592,0.695337974,5,0.0,0
../samples/repair/s3_bucket_folder_restrict_by_user,policy.json,True,63.97581830788268,70.0,63.97581830788268,0,63.97581830788268,0,3.2639214992523193,3.1227400000000003,1,0.0,0
../samples/repair/s3_policy_provides_programmatic_access_3,policy3.json,True,87.12570582039265,70.0,64.97581830788269,1,64.97581830788269,0,6.955389022827148,2.803336816,10,0.44411349296569824,15
../samples/repair/ec2_validate_attach_volume,policy.json,True,79.12570857209407,70.0,54.25070582039264,2,54.25070582039264,0,6.769477844238281,2.67094165,11,0.5483477115631104,20
../samples/repair/s3_policy_public_and_principal_specific_permissions,policy.json,True,77.12570582039264,70.0,0.9751124874900381,1,0.9751124874900381,0,2.1243414878845215,0.636910226,6,0.21642088890075684,13
../samples/repair/s3_sos_bucket_policy_problem,policy.json,True,80.08387281004079,70.0,54.08387281004079,1,54.08387281004079,0,20.501566648483276,12.763488929,6,0.2859618663787842,20
../samples/repair/s3_allow_all_except_delete,fixed.json,True,100.29094683225357,70.0,60.97652137653191,2,60.97652137653191,0,6.066274404525757,0.71184043,16,0.8164846897125244,32
../samples/repair/s3_allow_all_except_delete,initial.json,True,78.97581830788269,70.0,62.97652137653192,1,62.97652137653192,0,2.5076663494110107,0.306894031,6,0.177595853805542,16
../samples/repair/s3_policy_provides_programmatic_access_2,policy2.json,True,87.00070582039265,70.0,66.97581830788268,1,66.97581830788268,0,5.381781339645386,2.09927654,8,0.5373339653015137,14
../samples/repair/s3_remove_permissions_individual_files_1,policy1.json,True,-1,70.0,-1,0,-1,0,0.15123939514160156,0.0796223,1,0.0,0
../samples/repair/ec2_restrict_to_specific_instance,policy.json,True,100.86406714484372,70.0,1.8675564065398873,1,1.8675564065398873,0,3.9696993827819824,1.635661592,6,0.10947036743164062,8
../samples/repair/s3_policy_provides_programmatic_access_1,policy1.json,True,0.9775223703018986,70.0,0.9775223703018986,0,0.9775223703018986,0,0.14657807350158691,0.0634975,1,0.0,0
../samples/repair/iam_simplest_policy,policy.json,True,101.08387281004079,70.0,1.4984080015090675,1,1.4984080015090675,0,0.8556387424468994,0.39916636400000005,5,0.0,0
../samples/repair/s3_public_access,policy.json,True,68.12570582039265,70.0,68.12570582039265,0,68.12570582039265,0,0.25710248947143555,0.19639520000000002,1,0.0,0
../samples/repair/s3_object_query_permissions_1,policy1.json,True,87.00070582039265,70.0,60.97581830788268,1,60.97581830788268,0,7.11996603012085,3.176729768,9,0.4192826747894287,12
../samples/repair/iam_specify_all_users_in_account_bucket_policy_1,policy1.json,True,0.125,70.0,0.125,0,0.125,0,0.12920618057250977,0.06814278,1,0.0,0
../samples/repair/ec2_require_mfa_session_token,policy.json,True,101.19835589313327,70.0,1.5938906979209087,1,1.5938906979209087,0,1.9684796333312988,0.45471902,6,0.12278151512145996,10
../samples/repair/iam_policy_allow_adding_deleting_users,fixed.json,True,70.96753456203378,70.0,0.5943609377704336,1,70.96753456203378,1,1.1029043197631836,0.548983183,10,0.0,0
../samples/repair/iam_policy_allow_adding_deleting_users,initial.json,True,100.1988261329828,70.0,0.5943609377704336,2,78.19882613298279,1,9.31614899635315,3.5561692340000004,18,0.6436331272125244,54
../samples/repair/ec2_allow_some_instances,fixed.json,True,100.59506675816309,70.0,1.6072476243909464,2,1.6072476243909464,0,9.095069169998169,1.671279377,26,0.40638184547424316,18
../samples/repair/ec2_allow_some_instances,initial.json,True,87.65629419609681,70.0,1.6072476243909464,1,1.6072476243909464,0,2.955559015274048,1.192821028,21,0.0,0
../samples/repair/iam_policy_allow_adding_deleting_users_2,fixed.json,True,70.96753456203378,70.0,56.32382613298279,1,56.32382613298279,0,1.0277609825134277,0.47845676600000003,6,0.0,0
../samples/repair/ec2_enforce_project_tagging,policy.json,True,101.01163867554895,70.0,1.2108125658979023,3,1.2108125658979023,0,18.2104012966156,10.002114945999999,21,0.6641526222229004,24
-----
repair outcomes:
    success:    43
    failure:    0
    error:      0
    total:      43 
    ---
    w/o enum:   39
    enumerated: 4
    % w/o enum: 0.9069767441860465
    % enum    : 0.09302325581395349

iterations:
    sum: 70
    avg: 1.627906976744186
total time (s):
    sum: 368.83358430862427
    avg: 8.577525216479634
abc time (s):
    sum: 152.643848888
    avg: 3.549856950883721
abc calls:
    sum: 510
    avg: 11.86046511627907
z3 time (s):
    sum: 22.412853002548218
    avg: 0.5212291395941446
z3 calls:
    sum: 954
    avg: 22.186046511627907

