path,policy,success,initial permissiveness,permissiveness bound,permissiveness,iters,enum_point_permissiveness,enum_iters,time,abc time,abc calls,z3 time,z3 calls
../samples/repair/s3_iam_user_cannot_create_folder_through_console,policy.json,True,73.72474131778816,30.0,1.423367530665539,3,1.423367530665539,0,22.825177431106567,9.704482485000002,20,1.6619408130645752,72
../samples/repair/ec2_terminate_instance_ip,policy.json,True,100.00070582039264,30.0,0.41524101186092033,1,0.41524101186092033,0,3.2374088764190674,1.153682151,6,0.11971449851989746,10
../samples/repair/s3_policy_or_condition,policy.json,True,83.12570582039265,30.0,0.375,2,79.12570582039265,1,16.979392051696777,11.066613089,15,0.3717670440673828,30
../samples/repair/s3_policy_failing_not_sure_why,policy.json,True,100.97581830788269,30.0,1.4232328000801826,3,1.4232328000801826,0,10.38314962387085,2.2610093960000004,17,1.570533275604248,69
../samples/repair/ec2_allow_ebs_volume_owners,policy.json,?,?,?,?,?,?,?,?,?
../samples/repair/ec2_launch_instance_specific_subnet,policy.json,True,100.86704798758801,30.0,1.076838730514401,8,1.076838730514401,0,23.394447326660156,11.594334553000001,57,2.1046440601348877,64
../samples/repair/s3_remove_permissions_individual_files_2,policy2.json,True,71.12570582039265,30.0,1.1284882495712356,1,1.1284882495712356,0,3.877927541732788,1.822497953,6,0.10953283309936523,8
../samples/repair/s3_restrict_access_to_certain_roles,policy.json,True,79.97581830788269,30.0,1.3903534993509585,3,70.97581830788268,1,5.239898681640625,0.7182565919999999,14,0.8270957469940186,60
../samples/repair/iam_role_policy_modify_iam_but_not_own_policies,policy.json,True,100.39694644557294,30.0,0.5943609377704336,1,0.5943609377704336,0,3.6567156314849854,0.982377041,10,0.17975187301635742,15
../samples/repair/ec2_actions_region_aws-portal,policy.json,True,101.20596228200864,30.0,1.6213755747591787,14,69.97581830788268,1,129.44717121124268,44.16996280199999,69,2.846290349960327,108
../samples/repair/ec2_limit_ebs_volume_size,fixed.json,True,100.75625508531245,30.0,1.0027959766285568,11,1.0027959766285568,0,75.63765501976013,35.25644632899999,70,6.910141468048096,220
../samples/repair/ec2_limit_ebs_volume_size,initial.json,True,100.75625508531245,30.0,1.0027959766285568,11,1.0027959766285568,0,78.00850892066956,39.358337752000004,70,7.010801792144775,220
../samples/repair/iam_specify_all_users_in_account_bucket_policy_2,policy2.json,True,65.97581830788268,30.0,1.9792903626822194,1,1.9792903626822194,0,2.8371779918670654,1.60908068,5,0.0,0
../samples/repair/ec2_prevent_running_classic,policy.json,True,67.46326078516029,30.0,0.8777959766285568,9,0.8777959766285568,0,46.592782974243164,29.239110750000005,52,3.0226550102233887,90
../samples/repair/iam_user_access_to_s3_uploads_fail,fixed.json,True,100.39694644557294,30.0,0.8541112517705928,5,64.41594683225357,1,18.571921348571777,5.263269842,44,1.8738648891448975,90
../samples/repair/iam_user_access_to_s3_uploads_fail,initial.json,True,87.00070582039265,30.0,0.817394851388504,4,64.41594683225357,1,12.685057878494263,2.9491203880000008,34,1.2601685523986816,72
../samples/repair/s3_object_query_permissions_2,fix.json,True,0.25,30.0,0.25,0,0.25,0,0.16842222213745117,0.0951072,1,0.0,0
../samples/repair/s3_policy_for_lambda_function,policy1.json,True,71.97581830788269,30.0,0.9751124874900381,3,0.9751124874900381,0,11.30199146270752,3.703829965,17,1.324470043182373,63
../samples/repair/s3_policy_for_lambda_function,policy2.json,True,71.32382613298279,30.0,0.7442745387983595,1,0.7442745387983595,0,2.6745612621307373,0.639360712,8,0.27275657653808594,21
../samples/repair/iam_policy_allow_adding_deleting_users_1,initial.json,True,100.1988261329828,30.0,0.7193609377704336,3,65.32382613298279,2,29.827993154525757,16.36629519,33,1.965688705444336,90
../samples/repair/s3_bucket_policy_grant_read_specific_file_type,policy.json,True,73.12570582039264,30.0,0.5402410118609203,2,47.12570582039264,1,4.462233066558838,3.439523716,12,0.0,0
../samples/repair/s3_bucket_folder_restrict_by_user,policy.json,True,63.97581830788268,30.0,2.104293449241916,3,2.104293449241916,0,56.34471583366394,30.284364014000005,32,1.9556641578674316,60
../samples/repair/s3_policy_provides_programmatic_access_3,policy3.json,True,87.12570582039265,30.0,1.4079820024495104,9,60.97581830788268,1,38.992011070251465,23.278833397999993,61,1.364253282546997,60
../samples/repair/ec2_validate_attach_volume,policy.json,True,79.12570857209407,30.0,0.5402410118609203,4,0.5402410118609203,0,14.08916711807251,6.239254071000001,20,1.2091500759124756,40
../samples/repair/s3_policy_public_and_principal_specific_permissions,policy.json,True,77.12570582039264,30.0,0.9751124874900381,1,0.9751124874900381,0,2.1247050762176514,0.6355595079999999,6,0.21730399131774902,13
../samples/repair/s3_sos_bucket_policy_problem,policy.json,True,80.08387281004079,30.0,1.4984080015090675,2,54.08387281004079,1,54.24929237365723,39.230850799,15,0.8826661109924316,60
../samples/repair/s3_allow_all_except_delete,fixed.json,True,100.29094683225357,30.0,1.4226928688980731,4,1.4226928688980731,0,12.701037168502808,1.746631332,27,1.7181801795959473,64
../samples/repair/s3_allow_all_except_delete,initial.json,True,78.97581830788269,30.0,1.4226928688980731,3,1.4226928688980731,0,9.007120609283447,1.2764477369999996,17,1.0648229122161865,48
../samples/repair/s3_policy_provides_programmatic_access_2,policy2.json,True,87.00070582039265,30.0,1.4077618556712725,7,62.97581830788268,1,26.375668048858643,14.954060733000004,42,1.3175368309020996,56
../samples/repair/s3_remove_permissions_individual_files_1,policy1.json,True,-1,30.0,-1,0,-1,0,0.15306448936462402,0.0809179,1,0.0,0
../samples/repair/ec2_restrict_to_specific_instance,policy.json,True,100.86406714484372,30.0,1.8675564065398873,1,1.8675564065398873,0,3.9342849254608154,1.638397968,6,0.10493063926696777,8
../samples/repair/s3_policy_provides_programmatic_access_1,policy1.json,True,0.9775223703018986,30.0,0.9775223703018986,0,0.9775223703018986,0,0.1460566520690918,0.0640883,1,0.0,0
../samples/repair/iam_simplest_policy,policy.json,True,101.08387281004079,30.0,1.4984080015090675,1,1.4984080015090675,0,0.8672003746032715,0.403141659,5,0.0,0
../samples/repair/s3_public_access,policy.json,True,68.12570582039265,30.0,1.1284882495712356,1,1.1284882495712356,0,2.2630014419555664,1.389115244,5,0.0,0
../samples/repair/s3_object_query_permissions_1,policy1.json,True,87.00070582039265,30.0,1.4077618556712725,8,56.97581830788268,1,34.32010245323181,21.437726413999997,52,1.0015850067138672,48
../samples/repair/iam_specify_all_users_in_account_bucket_policy_1,policy1.json,True,0.125,30.0,0.125,0,0.125,0,0.12719225883483887,0.06680441000000001,1,0.0,0
../samples/repair/ec2_require_mfa_session_token,policy.json,True,101.19835589313327,30.0,1.5938906979209087,1,1.5938906979209087,0,1.967848777770996,0.455037208,6,0.11753416061401367,10
../samples/repair/iam_policy_allow_adding_deleting_users,fixed.json,True,70.96753456203378,30.0,0.5943609377704336,1,70.96753456203378,1,1.0960986614227295,0.547563744,10,0.0,0
../samples/repair/iam_policy_allow_adding_deleting_users,initial.json,True,100.1988261329828,30.0,0.5943609377704336,2,78.19882613298279,1,9.324113130569458,3.5736544430000006,18,0.6451218128204346,54
../samples/repair/ec2_allow_some_instances,fixed.json,True,100.59506675816309,30.0,1.6072476243909464,2,1.6072476243909464,0,9.113519668579102,1.6678438889999998,26,0.42756128311157227,18
../samples/repair/ec2_allow_some_instances,initial.json,True,87.65629419609681,30.0,1.6072476243909464,1,1.6072476243909464,0,2.9734725952148438,1.201936722,21,0.0,0
../samples/repair/iam_policy_allow_adding_deleting_users_2,fixed.json,True,70.96753456203378,30.0,0.7193609377704336,3,0.7193609377704336,0,7.834269285202026,2.201593975,18,1.148477554321289,36
../samples/repair/ec2_enforce_project_tagging,policy.json,True,101.01163867554895,30.0,1.2108125658979023,3,1.2108125658979023,0,18.225285053253174,10.023623038999999,21,0.6690773963928223,24
-----
repair outcomes:
    success:    42
    failure:    0
    error:      1
    total:      43 
    ---
    w/o enum:   29
    enumerated: 13
    % w/o enum: 0.6904761904761905
    % enum    : 0.30952380952380953

iterations:
    sum: 157
    avg: 3.738095238095238
total time (s):
    sum: 808.0388207435608
    avg: 19.23901954151335
abc time (s):
    sum: 383.790145093
    avg: 9.13786059745238
abc calls:
    sum: 971
    avg: 23.11904761904762
z3 time (s):
    sum: 47.27568292617798
    avg: 1.1256114982423329
z3 calls:
    sum: 1901
    avg: 45.26190476190476

