path,policy,success,initial permissiveness,permissiveness bound,permissiveness,iters,enum_point_permissiveness,enum_iters,time,abc time,abc calls,z3 time,z3 calls
../samples/repair/s3_iam_user_cannot_create_folder_through_console,policy.json,True,73.72474131778816,60.0,6.100112487490204,1,6.100112487490204,0,5.907007217407227,2.4151050130000002,7,0.3336343765258789,24
../samples/repair/ec2_terminate_instance_ip,policy.json,True,100.00070582039264,60.0,0.41524101186092033,1,0.41524101186092033,0,3.2793450355529785,1.1602996669999999,6,0.12670421600341797,10
../samples/repair/s3_policy_or_condition,policy.json,True,83.12570582039265,60.0,5.125,1,5.125,0,8.330170392990112,5.059253400999999,6,0.12740540504455566,10
../samples/repair/s3_policy_failing_not_sure_why,policy.json,True,100.97581830788269,60.0,52.97652137653191,1,52.97652137653191,0,3.1728932857513428,0.6924543250000001,6,0.29027247428894043,23
../samples/repair/ec2_allow_ebs_volume_owners,policy.json,True,80.69031750311083,60.0,44.44882705022126,2,44.44882705022126,0,15.933593988418579,8.671172424000002,13,0.39699602127075195,18
../samples/repair/ec2_launch_instance_specific_subnet,policy.json,True,100.86704798758801,60.0,1.076838730514401,8,1.076838730514401,0,23.526949167251587,11.59097567,57,2.0908076763153076,64
../samples/repair/s3_remove_permissions_individual_files_2,policy2.json,True,71.12570582039265,60.0,1.1284882495712356,1,1.1284882495712356,0,3.858768939971924,1.826058036,6,0.10966992378234863,8
../samples/repair/s3_restrict_access_to_certain_roles,policy.json,True,79.97581830788269,60.0,1.3903534993509585,1,1.3903534993509585,0,1.9646837711334229,0.29997388,5,0.28340578079223633,20
../samples/repair/iam_role_policy_modify_iam_but_not_own_policies,policy.json,True,100.39694644557294,60.0,0.5943609377704336,1,0.5943609377704336,0,3.6934216022491455,0.9844769539999999,10,0.18207621574401855,15
../samples/repair/ec2_actions_region_aws-portal,policy.json,True,101.20596228200864,60.0,5.975112487495288,4,5.975112487495288,0,69.10313391685486,17.101545185,30,2.109072208404541,72
../samples/repair/ec2_limit_ebs_volume_size,fixed.json,True,100.75625508531245,60.0,51.71326078516029,7,51.71326078516029,0,48.92903780937195,23.601578734,50,4.58519172668457,140
../samples/repair/ec2_limit_ebs_volume_size,initial.json,True,100.75625508531245,60.0,51.71326078516029,7,51.71326078516029,0,52.54477858543396,28.826225441999995,51,4.641564130783081,140
../samples/repair/iam_specify_all_users_in_account_bucket_policy_2,policy2.json,True,65.97581830788268,60.0,5.975112487532354,1,5.975112487532354,0,2.406730890274048,1.387716255,5,0.0,0
../samples/repair/ec2_prevent_running_classic,policy.json,True,67.46326078516029,60.0,58.5882635368617,1,58.5882635368617,0,11.082300901412964,6.131734100000001,9,0.39052462577819824,10
../samples/repair/iam_user_access_to_s3_uploads_fail,fixed.json,True,100.39694644557294,60.0,0.8541112517705928,3,0.8541112517705928,0,11.9748375415802,2.4589482190000003,25,1.4272284507751465,54
../samples/repair/iam_user_access_to_s3_uploads_fail,initial.json,True,87.00070582039265,60.0,0.817394851388504,2,0.817394851388504,0,7.042537450790405,1.1317142980000001,15,0.8425161838531494,36
../samples/repair/s3_object_query_permissions_2,fix.json,True,0.25,60.0,0.25,0,0.25,0,0.16890811920166016,0.0963068,1,0.0,0
../samples/repair/s3_policy_for_lambda_function,policy1.json,True,71.97581830788269,60.0,0.9751124874900381,1,0.9751124874900381,0,2.98422908782959,0.8464205990000002,6,0.23123478889465332,21
../samples/repair/s3_policy_for_lambda_function,policy2.json,True,71.32382613298279,60.0,5.448120312590172,1,5.448120312590172,0,2.544095754623413,0.561361725,8,0.2777061462402344,21
../samples/repair/iam_policy_allow_adding_deleting_users_1,initial.json,True,100.1988261329828,60.0,0.7193609377704336,1,0.7193609377704336,0,10.556701898574829,4.464293162,7,0.21973729133605957,18
../samples/repair/s3_bucket_policy_grant_read_specific_file_type,policy.json,True,73.12570582039264,60.0,4.125000000293916,1,4.125000000293916,0,2.4148216247558594,1.315047566,5,0.0,0
../samples/repair/s3_bucket_folder_restrict_by_user,policy.json,True,63.97581830788268,60.0,36.97581830788268,1,36.97581830788268,0,18.883737087249756,9.399224482000001,11,0.5777072906494141,20
../samples/repair/s3_policy_provides_programmatic_access_3,policy3.json,True,87.12570582039265,60.0,58.97581830788268,2,58.97581830788268,0,15.52024221420288,6.9796186659999995,18,0.7137279510498047,30
../samples/repair/ec2_validate_attach_volume,policy.json,True,79.12570857209407,60.0,0.5402410118609203,2,0.5402410118609203,0,6.372662544250488,3.2596675099999994,9,0.4541640281677246,20
../samples/repair/s3_policy_public_and_principal_specific_permissions,policy.json,True,77.12570582039264,60.0,0.9751124874900381,1,0.9751124874900381,0,2.024261474609375,0.583948837,6,0.21768879890441895,13
../samples/repair/s3_sos_bucket_policy_problem,policy.json,True,80.08387281004079,60.0,5.083166989942063,1,5.083166989942063,0,25.774394273757935,15.337650432,6,0.2973906993865967,20
../samples/repair/s3_allow_all_except_delete,fixed.json,True,100.29094683225357,60.0,1.4226928688980731,2,1.4226928688980731,0,6.2540082931518555,0.7561839380000002,16,0.830847978591919,32
../samples/repair/s3_allow_all_except_delete,initial.json,True,78.97581830788269,60.0,59.97581830788268,2,59.97581830788268,0,6.302947759628296,0.899266005,12,0.6259193420410156,32
../samples/repair/s3_policy_provides_programmatic_access_2,policy2.json,True,87.00070582039265,60.0,5.975112487491189,2,5.975112487491189,0,12.26928186416626,5.329553165999999,15,0.7964215278625488,28
../samples/repair/s3_remove_permissions_individual_files_1,policy1.json,True,-1,60.0,-1,0,-1,0,0.1532306671142578,0.0799145,1,0.0,0
../samples/repair/ec2_restrict_to_specific_instance,policy.json,True,100.86406714484372,60.0,1.8675564065398873,1,1.8675564065398873,0,3.9364266395568848,1.637321645,6,0.10502076148986816,8
../samples/repair/s3_policy_provides_programmatic_access_1,policy1.json,True,0.9775223703018986,60.0,0.9775223703018986,0,0.9775223703018986,0,0.14628267288208008,0.0637831,1,0.0,0
../samples/repair/iam_simplest_policy,policy.json,True,101.08387281004079,60.0,1.4984080015090675,1,1.4984080015090675,0,0.861201286315918,0.400884777,5,0.0,0
../samples/repair/s3_public_access,policy.json,True,68.12570582039265,60.0,1.1284882495712356,1,1.1284882495712356,0,2.2722415924072266,1.3899822689999999,5,0.0,0
../samples/repair/s3_object_query_permissions_1,policy1.json,True,87.00070582039265,60.0,54.97581830788268,2,54.97581830788268,0,15.122719764709473,7.294058404,17,0.5948696136474609,24
../samples/repair/iam_specify_all_users_in_account_bucket_policy_1,policy1.json,True,0.125,60.0,0.125,0,0.125,0,0.12626338005065918,0.06604499,1,0.0,0
../samples/repair/ec2_require_mfa_session_token,policy.json,True,101.19835589313327,60.0,1.5938906979209087,1,1.5938906979209087,0,1.9670958518981934,0.451859933,6,0.12645626068115234,10
../samples/repair/iam_policy_allow_adding_deleting_users,fixed.json,True,70.96753456203378,60.0,0.5943609377704336,1,0.5943609377704336,0,0.8359982967376709,0.36407319899999996,6,0.0,0
../samples/repair/iam_policy_allow_adding_deleting_users,initial.json,True,100.1988261329828,60.0,0.5943609377704336,1,0.5943609377704336,0,5.264080047607422,1.8558543419999998,7,0.22248554229736328,18
../samples/repair/ec2_allow_some_instances,fixed.json,True,100.59506675816309,60.0,1.6072476243909464,2,1.6072476243909464,0,9.106795310974121,1.6703930019999997,26,0.420058012008667,18
../samples/repair/ec2_allow_some_instances,initial.json,True,87.65629419609681,60.0,1.6072476243909464,1,1.6072476243909464,0,2.954017162322998,1.198138474,21,0.0,0
../samples/repair/iam_policy_allow_adding_deleting_users_2,fixed.json,True,70.96753456203378,60.0,0.7193609377704336,1,0.7193609377704336,0,1.0592753887176514,0.494763323,6,0.0,0
../samples/repair/ec2_enforce_project_tagging,policy.json,True,101.01163867554895,60.0,1.2108125658979023,3,1.2108125658979023,0,18.163641214370728,9.964941080000001,21,0.679004430770874,24
-----
repair outcomes:
    success:    43
    failure:    0
    error:      0
    total:      43 
    ---
    w/o enum:   43
    enumerated: 0
    % w/o enum: 1.0
    % enum    : 0.0

iterations:
    sum: 74
    avg: 1.7209302325581395
total time (s):
    sum: 446.7897517681122
    avg: 10.39045934344447
abc time (s):
    sum: 190.09978752899994
    avg: 4.420925291372091
abc calls:
    sum: 550
    avg: 12.790697674418604
z3 time (s):
    sum: 25.327509880065918
    avg: 0.5890118576759515
z3 calls:
    sum: 1001
    avg: 23.27906976744186

