path,policy,success,initial permissiveness,permissiveness bound,permissiveness,iters,enum_point_permissiveness,enum_iters,time,abc time,abc calls,z3 time,z3 calls
../samples/repair/s3_iam_user_cannot_create_folder_through_console,policy.json,True,73.72474131778816,60.0,6.100112487490204,1,6.100112487490204,0,6.0229151248931885,2.405793518,7,0.33916354179382324,24
../samples/repair/ec2_terminate_instance_ip,policy.json,True,100.00070582039264,60.0,0.41524101186092033,1,0.41524101186092033,0,3.26539945602417,1.157885861,6,0.13128280639648438,10
../samples/repair/s3_policy_or_condition,policy.json,True,83.12570582039265,60.0,5.125,2,5.125,0,17.081188201904297,9.649922416999999,12,0.9224169254302979,20
../samples/repair/s3_policy_failing_not_sure_why,policy.json,True,100.97581830788269,60.0,54.97652137653192,1,54.97652137653192,0,3.0307092666625977,0.6308609050000001,6,0.26895856857299805,23
../samples/repair/ec2_allow_ebs_volume_owners,policy.json,True,80.69031750311083,60.0,44.44882705022126,2,44.44882705022126,0,15.9446702003479,8.641677636999999,13,0.39951181411743164,18
../samples/repair/ec2_launch_instance_specific_subnet,policy.json,True,100.86704798758801,60.0,1.076838730514401,8,1.076838730514401,0,23.417181968688965,11.580131723999996,57,2.111696243286133,64
../samples/repair/s3_remove_permissions_individual_files_2,policy2.json,True,71.12570582039265,60.0,1.1284882495712356,1,1.1284882495712356,0,3.8700599670410156,1.8200048279999996,6,0.10988974571228027,8
../samples/repair/s3_restrict_access_to_certain_roles,policy.json,True,79.97581830788269,60.0,1.3903534993509585,3,70.97581830788268,1,5.221604824066162,0.7162276749999998,14,0.8190383911132812,60
../samples/repair/iam_role_policy_modify_iam_but_not_own_policies,policy.json,True,100.39694644557294,60.0,0.5943609377704336,1,0.5943609377704336,0,3.671231269836426,0.9803150429999999,10,0.17991304397583008,15
../samples/repair/ec2_actions_region_aws-portal,policy.json,True,101.20596228200864,60.0,5.975112487495288,5,5.975112487495288,0,87.40023016929626,21.623848756000005,37,2.683624744415283,90
../samples/repair/ec2_limit_ebs_volume_size,fixed.json,True,100.75625508531245,60.0,52.58826078516029,7,52.58826078516029,0,45.12690567970276,21.56696743300001,50,4.660710334777832,140
../samples/repair/ec2_limit_ebs_volume_size,initial.json,True,100.75625508531245,60.0,52.58826078516029,7,52.58826078516029,0,48.00041317939758,26.232695618999998,50,4.576707601547241,140
../samples/repair/iam_specify_all_users_in_account_bucket_policy_2,policy2.json,True,65.97581830788268,60.0,5.975112487532354,1,5.975112487532354,0,2.4215340614318848,1.395531696,5,0.0,0
../samples/repair/ec2_prevent_running_classic,policy.json,True,67.46326078516029,60.0,58.5882635368617,1,58.5882635368617,0,11.0347421169281,6.105859,9,0.38907337188720703,10
../samples/repair/iam_user_access_to_s3_uploads_fail,fixed.json,True,100.39694644557294,60.0,0.8541112517705928,5,64.41594683225357,1,18.54524850845337,5.259629406,44,1.8623640537261963,90
../samples/repair/iam_user_access_to_s3_uploads_fail,initial.json,True,87.00070582039265,60.0,0.817394851388504,4,64.41594683225357,1,12.672950506210327,2.9535395809999994,34,1.2623155117034912,72
../samples/repair/s3_object_query_permissions_2,fix.json,True,0.25,60.0,0.25,0,0.25,0,0.16784977912902832,0.0944827,1,0.0,0
../samples/repair/s3_policy_for_lambda_function,policy1.json,True,71.97581830788269,60.0,0.9751124874900381,1,0.9751124874900381,0,3.007422685623169,0.848505458,6,0.23845529556274414,21
../samples/repair/s3_policy_for_lambda_function,policy2.json,True,71.32382613298279,60.0,5.448120312590172,1,5.448120312590172,0,2.5320940017700195,0.559137511,8,0.2795073986053467,21
../samples/repair/iam_policy_allow_adding_deleting_users_1,initial.json,True,100.1988261329828,60.0,0.7193609377704336,3,65.32382613298279,2,29.861353158950806,16.35682388,33,1.983459711074829,90
../samples/repair/s3_bucket_policy_grant_read_specific_file_type,policy.json,True,73.12570582039264,60.0,47.12570582039264,1,47.12570582039264,0,1.1852748394012451,0.700128047,5,0.0,0
../samples/repair/s3_bucket_folder_restrict_by_user,policy.json,True,63.97581830788268,60.0,51.97581830788268,1,51.97581830788268,0,18.61750555038452,9.293204455,11,0.5391416549682617,20
../samples/repair/s3_policy_provides_programmatic_access_3,policy3.json,True,87.12570582039265,60.0,59.97581830788268,3,59.97581830788268,0,22.660839319229126,10.473469522,26,1.0221836566925049,45
../samples/repair/ec2_validate_attach_volume,policy.json,True,79.12570857209407,60.0,54.25070582039264,2,54.25070582039264,0,6.825803756713867,2.66795091,11,0.558774471282959,20
../samples/repair/s3_policy_public_and_principal_specific_permissions,policy.json,True,77.12570582039264,60.0,0.9751124874900381,1,0.9751124874900381,0,2.068662643432617,0.5924112330000001,6,0.22306060791015625,13
../samples/repair/s3_sos_bucket_policy_problem,policy.json,True,80.08387281004079,60.0,54.08387281004079,1,54.08387281004079,0,20.140722274780273,12.475848433000001,6,0.30133676528930664,20
../samples/repair/s3_allow_all_except_delete,fixed.json,True,100.29094683225357,60.0,59.97581830788268,3,59.97581830788268,0,9.670870065689087,1.278761316,22,1.2627508640289307,48
../samples/repair/s3_allow_all_except_delete,initial.json,True,78.97581830788269,60.0,1.4226928688980731,3,1.4226928688980731,0,9.014760255813599,1.2752116670000002,17,1.0628623962402344,48
../samples/repair/s3_policy_provides_programmatic_access_2,policy2.json,True,87.00070582039265,60.0,5.975112487491189,3,5.975112487491189,0,21.19788694381714,10.32119364,23,1.2115795612335205,42
../samples/repair/s3_remove_permissions_individual_files_1,policy1.json,True,-1,60.0,-1,0,-1,0,0.15167641639709473,0.0798257,1,0.0,0
../samples/repair/ec2_restrict_to_specific_instance,policy.json,True,100.86406714484372,60.0,1.8675564065398873,1,1.8675564065398873,0,3.9346187114715576,1.6340673529999998,6,0.09984302520751953,8
../samples/repair/s3_policy_provides_programmatic_access_1,policy1.json,True,0.9775223703018986,60.0,0.9775223703018986,0,0.9775223703018986,0,0.14591264724731445,0.0634569,1,0.0,0
../samples/repair/iam_simplest_policy,policy.json,True,101.08387281004079,60.0,1.4984080015090675,1,1.4984080015090675,0,0.8571937084197998,0.399963733,5,0.0,0
../samples/repair/s3_public_access,policy.json,True,68.12570582039265,60.0,1.1284882495712356,1,1.1284882495712356,0,2.274939775466919,1.3926156790000002,5,0.0,0
../samples/repair/s3_object_query_permissions_1,policy1.json,True,87.00070582039265,60.0,56.97581830788268,2,56.97581830788268,0,13.254990816116333,6.3458762879999995,17,0.6001937389373779,24
../samples/repair/iam_specify_all_users_in_account_bucket_policy_1,policy1.json,True,0.125,60.0,0.125,0,0.125,0,0.1279599666595459,0.06603244,1,0.0,0
../samples/repair/ec2_require_mfa_session_token,policy.json,True,101.19835589313327,60.0,1.5938906979209087,1,1.5938906979209087,0,1.9686460494995117,0.449422398,6,0.12235713005065918,10
../samples/repair/iam_policy_allow_adding_deleting_users,fixed.json,True,70.96753456203378,60.0,0.5943609377704336,1,70.96753456203378,1,1.1098065376281738,0.5493570349999999,10,0.0,0
../samples/repair/iam_policy_allow_adding_deleting_users,initial.json,True,100.1988261329828,60.0,0.5943609377704336,2,78.19882613298279,1,9.288396120071411,3.580774307,18,0.6129913330078125,54
../samples/repair/ec2_allow_some_instances,fixed.json,True,100.59506675816309,60.0,1.6072476243909464,2,1.6072476243909464,0,9.140466451644897,1.6696366999999996,26,0.4182894229888916,18
../samples/repair/ec2_allow_some_instances,initial.json,True,87.65629419609681,60.0,1.6072476243909464,1,1.6072476243909464,0,2.9588680267333984,1.195508233,21,0.0,0
../samples/repair/iam_policy_allow_adding_deleting_users_2,fixed.json,True,70.96753456203378,60.0,56.32382613298279,1,56.32382613298279,0,1.0360724925994873,0.478358303,6,0.0,0
../samples/repair/ec2_enforce_project_tagging,policy.json,True,101.01163867554895,60.0,1.2108125658979023,3,1.2108125658979023,0,18.441538095474243,10.161508032,21,0.6665961742401123,24
-----
repair outcomes:
    success:    43
    failure:    0
    error:      0
    total:      43 
    ---
    w/o enum:   37
    enumerated: 6
    % w/o enum: 0.8604651162790697
    % enum    : 0.13953488372093023

iterations:
    sum: 96
    avg: 2.2325581395348837
total time (s):
    sum: 518.3691155910492
    avg: 12.05509571141975
abc time (s):
    sum: 217.72442297199999
    avg: 5.063358673767442
abc calls:
    sum: 679
    avg: 15.790697674418604
z3 time (s):
    sum: 31.920049905776978
    avg: 0.7423267419948134
z3 calls:
    sum: 1310
    avg: 30.46511627906977

