path,policy,success,initial permissiveness,permissiveness bound,permissiveness,iters,enum_point_permissiveness,enum_iters,time,abc time,abc calls,z3 time,z3 calls
../samples/repair/s3_iam_user_cannot_create_folder_through_console,policy.json,True,73.72474131778816,80.0,73.72474131778816,0,73.72474131778816,0,0.6556973457336426,0.559164,1,0.0,0
../samples/repair/ec2_terminate_instance_ip,policy.json,True,100.00070582039264,80.0,0.41524101186092033,1,0.41524101186092033,0,3.285421371459961,1.167090684,6,0.13057756423950195,10
../samples/repair/s3_policy_or_condition,policy.json,True,83.12570582039265,80.0,79.12570582039265,1,79.12570582039265,0,7.217594623565674,4.527511287,6,0.12411880493164062,10
../samples/repair/s3_policy_failing_not_sure_why,policy.json,True,100.97581830788269,80.0,54.97652137653192,1,54.97652137653192,0,3.082385778427124,0.632826294,6,0.2863729000091553,23
../samples/repair/ec2_allow_ebs_volume_owners,policy.json,True,80.69031750311083,80.0,78.68168671019987,1,78.68168671019987,0,6.884231090545654,3.719875778,7,0.2137751579284668,9
../samples/repair/ec2_launch_instance_specific_subnet,policy.json,True,100.86704798758801,80.0,79.01925138288641,2,79.01925138288641,0,7.468638896942139,3.0692026340000007,17,0.46549367904663086,16
../samples/repair/s3_remove_permissions_individual_files_2,policy2.json,True,71.12570582039265,80.0,71.12570582039265,0,71.12570582039265,0,0.5313942432403564,0.45721069999999997,1,0.0,0
../samples/repair/s3_restrict_access_to_certain_roles,policy.json,True,79.97581830788269,80.0,79.97581830788269,0,79.97581830788269,0,0.09437394142150879,0.03748489,1,0.0,0
../samples/repair/iam_role_policy_modify_iam_but_not_own_policies,policy.json,True,100.39694644557294,80.0,0.5943609377704336,1,0.5943609377704336,0,3.666452407836914,0.9906630449999998,10,0.18040704727172852,15
../samples/repair/ec2_actions_region_aws-portal,policy.json,True,101.20596228200864,80.0,73.97581830788268,3,73.97581830788268,0,52.44396495819092,13.831692400000003,24,1.7103683948516846,54
../samples/repair/ec2_limit_ebs_volume_size,fixed.json,True,100.75625508531245,80.0,78.8942416749675,4,78.8942416749675,0,25.43711757659912,11.870074950000001,33,2.6929006576538086,80
../samples/repair/ec2_limit_ebs_volume_size,initial.json,True,100.75625508531245,80.0,78.8942416749675,4,78.8942416749675,0,25.235649585723877,12.753789138,33,2.6542232036590576,80
../samples/repair/iam_specify_all_users_in_account_bucket_policy_2,policy2.json,True,65.97581830788268,80.0,65.97581830788268,0,65.97581830788268,0,0.21162915229797363,0.1542824,1,0.0,0
../samples/repair/ec2_prevent_running_classic,policy.json,True,67.46326078516029,80.0,67.46326078516029,0,67.46326078516029,0,0.601536750793457,0.527295,1,0.0,0
../samples/repair/iam_user_access_to_s3_uploads_fail,fixed.json,True,100.39694644557294,80.0,73.61406714484372,1,73.61406714484372,0,4.696318864822388,0.713418101,11,0.6405491828918457,18
../samples/repair/iam_user_access_to_s3_uploads_fail,initial.json,True,87.00070582039265,80.0,73.41594683225357,1,73.41594683225357,0,4.031911373138428,0.27431919499999996,6,0.6342194080352783,18
../samples/repair/s3_object_query_permissions_2,fix.json,True,0.25,80.0,0.25,0,0.25,0,0.1692037582397461,0.0952606,1,0.0,0
../samples/repair/s3_policy_for_lambda_function,policy1.json,True,71.97581830788269,80.0,71.97581830788269,0,71.97581830788269,0,0.27332472801208496,0.2045384,1,0.0,0
../samples/repair/s3_policy_for_lambda_function,policy2.json,True,71.32382613298279,80.0,71.32382613298279,0,71.32382613298279,0,0.1649937629699707,0.0642134,1,0.0,0
../samples/repair/iam_policy_allow_adding_deleting_users_1,initial.json,True,100.1988261329828,80.0,65.32382613298279,1,65.32382613298279,0,3.1369574069976807,0.7845922799999999,7,0.21806716918945312,18
../samples/repair/s3_bucket_policy_grant_read_specific_file_type,policy.json,True,73.12570582039264,80.0,73.12570582039264,0,73.12570582039264,0,0.175581693649292,0.114906,1,0.0,0
../samples/repair/s3_bucket_folder_restrict_by_user,policy.json,True,63.97581830788268,80.0,63.97581830788268,0,63.97581830788268,0,3.2909741401672363,3.14844,1,0.0,0
../samples/repair/s3_policy_provides_programmatic_access_3,policy3.json,True,87.12570582039265,80.0,64.97581830788269,1,64.97581830788269,0,6.934410333633423,2.7730761170000005,10,0.4490392208099365,15
../samples/repair/ec2_validate_attach_volume,policy.json,True,79.12570857209407,80.0,79.12570857209407,0,79.12570857209407,0,0.14609909057617188,0.0848667,1,0.0,0
../samples/repair/s3_policy_public_and_principal_specific_permissions,policy.json,True,77.12570582039264,80.0,77.12570582039264,0,77.12570582039264,0,0.17310762405395508,0.10302700000000001,1,0.0,0
../samples/repair/s3_sos_bucket_policy_problem,policy.json,True,80.08387281004079,80.0,54.08387281004079,1,54.08387281004079,0,20.40120220184326,12.641643979,6,0.2991154193878174,20
../samples/repair/s3_allow_all_except_delete,fixed.json,True,100.29094683225357,80.0,78.97581830788269,1,78.97581830788269,0,3.4034507274627686,0.4393267090000001,11,0.5224506855010986,16
../samples/repair/s3_allow_all_except_delete,initial.json,True,78.97581830788269,80.0,78.97581830788269,0,78.97581830788269,0,0.17460322380065918,0.06388234999999999,1,0.0,0
../samples/repair/s3_policy_provides_programmatic_access_2,policy2.json,True,87.00070582039265,80.0,66.97581830788268,1,66.97581830788268,0,5.388915538787842,2.102412846,8,0.540236234664917,14
../samples/repair/s3_remove_permissions_individual_files_1,policy1.json,True,-1,80.0,-1,0,-1,0,0.15210342407226562,0.07996819999999999,1,0.0,0
../samples/repair/ec2_restrict_to_specific_instance,policy.json,True,100.86406714484372,80.0,1.8675564065398873,1,1.8675564065398873,0,3.971820116043091,1.643498894,6,0.10606837272644043,8
../samples/repair/s3_policy_provides_programmatic_access_1,policy1.json,True,0.9775223703018986,80.0,0.9775223703018986,0,0.9775223703018986,0,0.1470317840576172,0.0643323,1,0.0,0
../samples/repair/iam_simplest_policy,policy.json,True,101.08387281004079,80.0,1.4984080015090675,1,1.4984080015090675,0,0.8580014705657959,0.39931187799999995,5,0.0,0
../samples/repair/s3_public_access,policy.json,True,68.12570582039265,80.0,68.12570582039265,0,68.12570582039265,0,0.2574937343597412,0.1970669,1,0.0,0
../samples/repair/s3_object_query_permissions_1,policy1.json,True,87.00070582039265,80.0,60.97581830788268,1,60.97581830788268,0,7.143605709075928,3.1492542329999997,9,0.43450236320495605,12
../samples/repair/iam_specify_all_users_in_account_bucket_policy_1,policy1.json,True,0.125,80.0,0.125,0,0.125,0,0.12754511833190918,0.06733033000000001,1,0.0,0
../samples/repair/ec2_require_mfa_session_token,policy.json,True,101.19835589313327,80.0,1.5938906979209087,1,1.5938906979209087,0,1.981773853302002,0.459509985,6,0.12682461738586426,10
../samples/repair/iam_policy_allow_adding_deleting_users,fixed.json,True,70.96753456203378,80.0,70.96753456203378,0,70.96753456203378,0,0.1215665340423584,0.0480742,1,0.0,0
../samples/repair/iam_policy_allow_adding_deleting_users,initial.json,True,100.1988261329828,80.0,78.19882613298279,1,78.19882613298279,0,2.691478729248047,0.555176468,7,0.22176766395568848,18
../samples/repair/ec2_allow_some_instances,fixed.json,True,100.59506675816309,80.0,1.6072476243909464,2,1.6072476243909464,0,9.058483123779297,1.6771345170000003,26,0.41725754737854004,18
../samples/repair/ec2_allow_some_instances,initial.json,True,87.65629419609681,80.0,1.6072476243909464,1,1.6072476243909464,0,2.9655516147613525,1.2011240059999997,21,0.0,0
../samples/repair/iam_policy_allow_adding_deleting_users_2,fixed.json,True,70.96753456203378,80.0,70.96753456203378,0,70.96753456203378,0,0.12055134773254395,0.047468800000000005,1,0.0,0
../samples/repair/ec2_enforce_project_tagging,policy.json,True,101.01163867554895,80.0,78.8942416749675,2,78.8942416749675,0,10.447544813156128,5.778214565999999,16,0.4740636348724365,16
-----
repair outcomes:
    success:    43
    failure:    0
    error:      0
    total:      43 
    ---
    w/o enum:   43
    enumerated: 0
    % w/o enum: 1.0
    % enum    : 0.0

iterations:
    sum: 35
    avg: 0.813953488372093
total time (s):
    sum: 229.4216935634613
    avg: 5.335388222406077
abc time (s):
    sum: 93.27355215400001
    avg: 2.169152375674419
abc calls:
    sum: 316
    avg: 7.348837209302325
z3 time (s):
    sum: 13.542398929595947
    avg: 0.31493950999060344
z3 calls:
    sum: 498
    avg: 11.581395348837209

