path,policy,success,initial permissiveness,permissiveness bound,permissiveness,iters,enum_point_permissiveness,enum_iters,time,abc time,abc calls,z3 time,z3 calls
../samples/repair/s3_iam_user_cannot_create_folder_through_console,policy.json,True,73.72474131778816,60.0,11.975112487490039,1,11.975112487490039,0,5.758518934249878,2.310611738,7,0.3303225040435791,24
../samples/repair/ec2_terminate_instance_ip,policy.json,True,100.00070582039264,60.0,10.0,1,10.0,0,3.1873581409454346,1.121645859,6,0.13010787963867188,10
../samples/repair/s3_policy_or_condition,policy.json,True,83.12570582039265,60.0,5.125000000000492,2,5.125000000000492,0,17.5966157913208,10.168206642000001,13,0.9329218864440918,20
../samples/repair/s3_policy_failing_not_sure_why,policy.json,True,100.97581830788269,60.0,54.97652137653192,1,54.97652137653192,0,3.0819294452667236,0.631546652,6,0.30504536628723145,23
../samples/repair/ec2_allow_ebs_volume_owners,policy.json,True,80.69031750311083,60.0,44.44882705022126,2,44.44882705022126,0,15.957712173461914,8.669153478999998,13,0.3995058536529541,18
../samples/repair/ec2_launch_instance_specific_subnet,policy.json,True,100.86704798758801,60.0,1.076838730514401,8,1.076838730514401,0,23.34559202194214,11.601167307999997,57,2.071570873260498,64
../samples/repair/s3_remove_permissions_individual_files_2,policy2.json,True,71.12570582039265,60.0,1.1284882495712356,1,1.1284882495712356,0,3.8500306606292725,1.813298559,6,0.11232852935791016,8
../samples/repair/s3_restrict_access_to_certain_roles,policy.json,True,79.97581830788269,60.0,1.3903534993509585,3,70.97581830788268,1,5.2308430671691895,0.718440931,14,0.8167541027069092,60
../samples/repair/iam_role_policy_modify_iam_but_not_own_policies,policy.json,True,100.39694644557294,60.0,0.5943609377704336,1,0.5943609377704336,0,3.6800572872161865,0.98198051,10,0.18983054161071777,15
../samples/repair/ec2_actions_region_aws-portal,policy.json,True,101.20596228200864,60.0,9.975112487532027,5,9.975112487532027,0,88.67296886444092,22.594976980999988,38,2.7068252563476562,90
../samples/repair/ec2_limit_ebs_volume_size,fixed.json,True,100.75625508531245,60.0,10.587554964767637,7,10.587554964767637,0,46.803654193878174,21.833442574999992,50,4.702575445175171,140
../samples/repair/ec2_limit_ebs_volume_size,initial.json,True,100.75625508531245,60.0,10.587554964767637,7,10.587554964767637,0,48.63961911201477,25.50044433399999,49,4.506849527359009,140
../samples/repair/iam_specify_all_users_in_account_bucket_policy_2,policy2.json,True,65.97581830788268,60.0,5.975112487532354,1,5.975112487532354,0,2.4105992317199707,1.3912771490000002,5,0.0,0
../samples/repair/ec2_prevent_running_classic,policy.json,True,67.46326078516029,60.0,58.5882635368617,1,58.5882635368617,0,11.122464895248413,6.1153584,9,0.39800524711608887,10
../samples/repair/iam_user_access_to_s3_uploads_fail,fixed.json,True,100.39694644557294,60.0,0.8541112517705928,5,64.41594683225357,1,18.72125482559204,5.2678615670000015,44,1.8999595642089844,90
../samples/repair/iam_user_access_to_s3_uploads_fail,initial.json,True,87.00070582039265,60.0,0.817394851388504,4,64.41594683225357,1,12.702033042907715,2.950344297999999,34,1.2733325958251953,72
../samples/repair/s3_object_query_permissions_2,fix.json,True,0.25,60.0,0.25,0,0.25,0,0.16984963417053223,0.09624160000000001,1,0.0,0
../samples/repair/s3_policy_for_lambda_function,policy1.json,True,71.97581830788269,60.0,0.9751124874900381,1,0.9751124874900381,0,2.955329656600952,0.8352761280000001,6,0.22994637489318848,21
../samples/repair/s3_policy_for_lambda_function,policy2.json,True,71.32382613298279,60.0,11.323120312590145,1,11.323120312590145,0,2.5209202766418457,0.547874907,8,0.27584052085876465,21
../samples/repair/iam_policy_allow_adding_deleting_users_1,initial.json,True,100.1988261329828,60.0,0.7193609377704336,3,65.32382613298279,2,29.780892372131348,16.243607992999998,33,1.987541913986206,90
../samples/repair/s3_bucket_policy_grant_read_specific_file_type,policy.json,True,73.12570582039264,60.0,47.12570582039264,1,47.12570582039264,0,1.1812574863433838,0.696580037,5,0.0,0
../samples/repair/s3_bucket_folder_restrict_by_user,policy.json,True,63.97581830788268,60.0,51.97581830788268,1,51.97581830788268,0,18.617850065231323,9.2144333,11,0.5820896625518799,20
../samples/repair/s3_policy_provides_programmatic_access_3,policy3.json,True,87.12570582039265,60.0,59.97581830788268,3,59.97581830788268,0,22.42180037498474,10.365021062,26,1.0211026668548584,45
../samples/repair/ec2_validate_attach_volume,policy.json,True,79.12570857209407,60.0,54.25070582039264,2,54.25070582039264,0,6.77373743057251,2.67241359,11,0.5403614044189453,20
../samples/repair/s3_policy_public_and_principal_specific_permissions,policy.json,True,77.12570582039264,60.0,0.9751124874900381,1,0.9751124874900381,0,2.0291154384613037,0.584835378,6,0.22024250030517578,13
../samples/repair/s3_sos_bucket_policy_problem,policy.json,True,80.08387281004079,60.0,54.08387281004079,1,54.08387281004079,0,20.278163194656372,12.571961171,6,0.3067467212677002,20
../samples/repair/s3_allow_all_except_delete,fixed.json,True,100.29094683225357,60.0,59.97581830788268,3,59.97581830788268,0,9.72029447555542,1.302820178,22,1.288966178894043,48
../samples/repair/s3_allow_all_except_delete,initial.json,True,78.97581830788269,60.0,11.100112487490037,3,11.100112487490037,0,9.988952875137329,1.5012200320000002,18,1.1348254680633545,48
../samples/repair/s3_policy_provides_programmatic_access_2,policy2.json,True,87.00070582039265,60.0,9.975112487532027,3,9.975112487532027,0,23.148935794830322,11.850250149000004,24,1.2699615955352783,42
../samples/repair/s3_remove_permissions_individual_files_1,policy1.json,True,-1,60.0,-1,0,-1,0,0.1512753963470459,0.07965739999999999,1,0.0,0
../samples/repair/ec2_restrict_to_specific_instance,policy.json,True,100.86406714484372,60.0,1.8675564065398873,1,1.8675564065398873,0,3.9569411277770996,1.6414533660000001,6,0.10521721839904785,8
../samples/repair/s3_policy_provides_programmatic_access_1,policy1.json,True,0.9775223703018986,60.0,0.9775223703018986,0,0.9775223703018986,0,0.14757966995239258,0.0640151,1,0.0,0
../samples/repair/iam_simplest_policy,policy.json,True,101.08387281004079,60.0,1.4984080015090675,1,1.4984080015090675,0,0.8605213165283203,0.40037858,5,0.0,0
../samples/repair/s3_public_access,policy.json,True,68.12570582039265,60.0,1.1284882495712356,1,1.1284882495712356,0,2.246568202972412,1.3723578550000002,5,0.0,0
../samples/repair/s3_object_query_permissions_1,policy1.json,True,87.00070582039265,60.0,56.97581830788268,2,56.97581830788268,0,13.216927528381348,6.369386306999999,17,0.5961482524871826,24
../samples/repair/iam_specify_all_users_in_account_bucket_policy_1,policy1.json,True,0.125,60.0,0.125,0,0.125,0,0.12676739692687988,0.06661020000000001,1,0.0,0
../samples/repair/ec2_require_mfa_session_token,policy.json,True,101.19835589313327,60.0,1.5938906979209087,1,1.5938906979209087,0,1.9925312995910645,0.45948369,6,0.12416839599609375,10
../samples/repair/iam_policy_allow_adding_deleting_users,fixed.json,True,70.96753456203378,60.0,0.5943609377704336,1,70.96753456203378,1,1.10414719581604,0.550953171,10,0.0,0
../samples/repair/iam_policy_allow_adding_deleting_users,initial.json,True,100.1988261329828,60.0,0.5943609377704336,2,78.19882613298279,1,9.341006755828857,3.555359982,18,0.6534419059753418,54
../samples/repair/ec2_allow_some_instances,fixed.json,True,100.59506675816309,60.0,1.6072476243909464,2,1.6072476243909464,0,9.113710403442383,1.677153149,26,0.41249680519104004,18
../samples/repair/ec2_allow_some_instances,initial.json,True,87.65629419609681,60.0,1.6072476243909464,1,1.6072476243909464,0,2.946089029312134,1.189178642,21,0.0,0
../samples/repair/iam_policy_allow_adding_deleting_users_2,fixed.json,True,70.96753456203378,60.0,56.32382613298279,1,56.32382613298279,0,1.0303657054901123,0.476374704,6,0.0,0
../samples/repair/ec2_enforce_project_tagging,policy.json,True,101.01163867554895,60.0,1.2108125658979023,3,1.2108125658979023,0,18.38621234893799,10.163887081000002,21,0.6538729667663574,24
-----
repair outcomes:
    success:    43
    failure:    0
    error:      0
    total:      43 
    ---
    w/o enum:   37
    enumerated: 6
    % w/o enum: 0.8604651162790697
    % enum    : 0.13953488372093023

iterations:
    sum: 96
    avg: 2.2325581395348837
total time (s):
    sum: 524.968994140625
    avg: 12.208581259084303
abc time (s):
    sum: 220.218541734
    avg: 5.121361435674419
abc calls:
    sum: 682
    avg: 15.86046511627907
z3 time (s):
    sum: 32.178905725479126
    avg: 0.7483466447785844
z3 calls:
    sum: 1310
    avg: 30.46511627906977

